9.197423280997790392e-06 1.923694460515957118e-06 4.440254076126700387e-06 8.918733927141638925e-07 5.561949986765212225e-07 -1.503808602799691192e-06 -1.146820674075257400e-06 2.962432344229420691e-07 2.481685253555025613e-06 -5.323057232098610503e-06 -3.883182232767392651e-06 -3.920607510662160092e-06 1.706030742842653551e-06 -4.265522685405291383e-07 -2.948319090729780937e-06 5.272227716567576722e-06 3.807059674130171157e-06 -3.489681802401333180e-06 -2.462967307361510336e-06 -1.324686031584128784e-06 2.614723161514111076e-06 5.871363638408674593e-06 -1.476096188324480407e-06 -2.082964090256399175e-06 -1.937103020293989464e-06 -4.660555951358726488e-07 9.040727548580711691e-07 -5.653990420385379631e-06 6.114175880198548345e-06 -8.190266854372306980e-06 -1.734359806549094360e-06 -1.765417607431858150e-05 -1.545676507635068765e-06 6.961787579363961518e-06 1.961337073093770574e-05 -1.451079421007853182e-05 3.942298072719217507e-06 -1.075702921225659018e-05 -1.465582475419415196e-06 1.711321223205741212e-05 -1.700070031707499790e-05 1.058974616073389916e-05 -8.330878227591193466e-06 3.289602343699211667e-06 -4.818650523581147092e-06 1.082183078535095334e-05 -2.376211941389844097e-05 3.860965084158102873e-06 4.530539142583360035e-06 -6.058047405262279699e-06 7.613389253872097188e-06 -1.012923338006769477e-05 -6.838726354417882800e-06 -1.133488629326448417e-05 -8.016501854115228224e-06 4.729476987539025349e-06 1.988507008845286057e-06 -1.840639361006821069e-05 2.888991757940487209e-06 1.063764086937494288e-05 -4.323598256537949794e-06 -1.935446347644353526e-05 5.963415387647313128e-06 -7.064768020982797223e-06 -3.971276499110070213e-06 -3.444561220298052531e-07 6.879555728775180496e-06 9.447668383920197494e-06 5.511385559942397780e-05 -1.719294397731560965e-04 1.673671774560251368e-06 3.168666796183929057e-06 7.351481502417213560e-06 -2.537715731050896795e-06 1.453368674954660516e-05 7.355021995724099823e-06 4.096519687019465268e-06 3.308575823389613596e-06 -4.133885849300663310e-05 2.460242763303873047e-05 1.505133053549932816e-05 -6.764866509743625912e-05 nan -4.035503501268445200e-05 nan nan nan nan nan nan nan nan nan nan nan nan nan nan nan nan
1.923694460515957118e-06 7.099649144153621431e-06 -7.710637413356969333e-08 3.039380816866647363e-08 -5.095458583186647696e-07 -1.606056943815052846e-07 1.311647675989675948e-06 7.175178452155949256e-07 5.738580771758590654e-07 -1.157536551290873083e-06 1.974002841400127038e-06 -2.693060106886409090e-07 1.324154002341666589e-06 -4.069118754977633130e-07 -2.142327478932298834e-06 5.600898281413938262e-06 -1.778752655733766337e-06 -1.599991233090376293e-06 -2.404097362682193507e-06 6.322150251302817098e-06 5.251019846333011417e-06 -1.272866027280923747e-07 1.911158688654803717e-07 4.897098373203695341e-06 6.632646126401188327e-06 7.875048044192281763e-06 9.102764687652656488e-07 -2.425833546402721348e-07 1.042571026387710732e-05 -1.342246390664891444e-05 3.117439302120030131e-06 -3.317612204908377635e-06 -9.251567696066101808e-06 1.602662622883920961e-05 -3.257594665490116951e-06 -1.034903298576770412e-05 -9.684153779660896301e-06 -3.446234379921262275e-06 4.191347384305741565e-06 3.918252757743863354e-06 -8.932295246628201905e-06 7.630083783502200064e-07 -1.333776002214225246e-06 3.811827957116805587e-06 -2.191525589058512689e-06 6.500567639052312007e-06 -1.093356586343599175e-05 2.965383740930835855e-07 1.135933983426188099e-07 3.500981841034210504e-06 6.131227331142578505e-06 3.887192053489292497e-06 3.035128931416695298e-06 9.413918875077930792e-07 2.052669365331676499e-06 -7.123120606045592431e-06 1.106709080869208775e-05 2.660753968590176870e-06 3.214184469126183303e-06 -3.961430104302353311e-06 1.443466618223175031e-05 5.198376153763527635e-06 3.826287779023998067e-06 -1.185961343523150306e-05 -2.719963574893338466e-05 3.550694574120835092e-05 -5.837469209060407871e-06 3.819318353234175796e-06 -1.548178652526063784e-05 -3.586639443672067672e-05 4.538475097149063844e-06 -1.524473280567540736e-05 -7.997111804620417005e-06 -2.663822787024135765e-06 3.906230280346424421e-07 8.582376992082981019e-06 -1.308248333615426355e-05 1.838220534229470653e-05 -5.168581547039882576e-06 3.130246578304349579e-05 2.121634086877422800e-05 -3.797688055067782763e-05 nan -1.278984732157044191e-05 nan nan nan nan nan nan nan nan nan nan nan nan nan nan nan nan
4.440254076126700387e-06 -7.710637413356969333e-08 2.868194357099522820e-05 2.242023032929305253e-06 9.741260695085811695e-07 -1.564658380016533960e-07 2.109160976461024749e-06 2.097237987213805788e-06 -1.215085184563023922e-06 -5.553557023459031851e-06 2.811321223595540071e-06 -2.150687723177014688e-06 -1.641910534776339784e-06 -1.225123373893967368e-06 1.172607099555387885e-06 5.684004436441542731e-06 -2.126905289337166747e-07 4.459772450939076489e-06 1.612663981235643729e-05 -9.857144432909067374e-06 6.636086517784413057e-07 8.754286734676805298e-06 2.361366044314549436e-05 -5.333018947523842263e-06 4.140245192514432976e-07 7.604745134327410253e-06 5.360645415847114335e-06 3.187283948937277708e-06 8.208744859962585242e-06 1.134570013893651386e-06 -5.171978541107498403e-06 -1.431342289822208515e-05 -2.088848939692453917e-07 1.411357119378207046e-05 4.900646972117854325e-05 -5.886027861310652942e-06 1.697374407564321026e-05 -1.528000107732125569e-05 2.298751975117302077e-06 -2.813935504160551925e-07 -1.439237441256551687e-05 1.264215919090808225e-06 4.807080878302878214e-06 -7.721513444348001535e-06 -5.267044350959246896e-06 2.611684939626986767e-05 -1.090018615734055883e-05 -4.035008491364880515e-06 -5.634524045184269359e-06 -2.933070354418421312e-05 5.946460259800069726e-06 -7.632663734801580890e-06 1.506584213144839581e-06 -4.032431483243024437e-06 -9.463871685432662548e-06 -3.767984385576880438e-06 -3.394474622637301997e-06 2.843428780931107598e-07 -5.482381628915650316e-06 -1.399223376305605603e-05 1.219469428863483418e-05 -8.243202903105461871e-05 1.951252145325198272e-05 -2.686568854249062548e-06 1.875067293546240087e-05 -4.580274638712851614e-06 -1.213820839309402357e-05 3.215102571131301333e-05 -1.653729236520578092e-06 -1.025731183222255343e-05 2.224647710798744604e-05 -1.041897406977273329e-05 -2.426083854010287842e-05 6.107641862834401357e-06 2.750494825063531725e-05 2.389050667660533493e-05 5.160117968151002328e-05 -7.571156265088420597e-06 -2.479903851740062110e-05 2.095412809571558339e-05 -1.274372805083564073e-05 4.302562829887782527e-05 nan 3.309845182359253112e-05 nan nan nan nan nan nan nan nan nan nan nan nan nan nan nan nan
8.918733927141638925e-07 3.039380816866647363e-08 2.242023032929305253e-06 1.468878489768689336e-05 1.322154286868669345e-06 2.061953256079383256e-06 -1.110486681361804900e-06 -1.203349044902046690e-07 -1.215537266269578532e-06 -1.035238347492062757e-06 1.253624067802153232e-06 -9.693242711851411085e-07 -3.861355679737931554e-06 9.666777819884154469e-08 4.613932134570873401e-07 -1.400126899961109868e-06 -1.965845884805111899e-06 -2.880460794440010820e-06 2.031930227444344630e-06 -1.134194364521778617e-05 -6.589878947613349445e-06 5.548617890548852792e-06 -5.678568615808993874e-06 -9.871936913078394434e-07 -5.797011176243729103e-06 -5.438767350378294932e-06 1.033155137871601550e-05 6.870937928488716077e-06 -2.227074453797482328e-05 -5.316815261606025658e-06 1.691792056891589452e-06 2.210219126819781946e-05 -9.965960660646145508e-06 8.439516082239446835e-06 -3.861203601799779750e-06 1.266874732052070933e-05 -7.726969274592161599e-06 1.048352217122040956e-05 4.302350159275105954e-07 -2.855297364893678473e-05 1.162243012486898158e-05 1.328666070427705511e-06 8.259840022765065369e-06 -1.097818478672008543e-05 2.486416492045321907e-06 1.028027985405380823e-05 4.980385261563684755e-06 4.110144328322752283e-06 1.148068868643329364e-05 -4.118766671567812106e-06 6.417179959070704365e-06 1.690501321906729139e-05 5.883705598291090782e-07 -2.162788516434111798e-05 -7.922506033442440173e-06 1.589250039197604044e-05 7.993378868393749608e-06 2.924975338054509001e-05 2.919366627086785846e-06 -2.064008515312127119e-06 1.110736421742231523e-05 -2.051630799967270032e-05 1.162850614937786891e-05 -8.258253318666047894e-06 -1.516962182067031768e-05 -8.214452850336702097e-06 2.191460920314784857e-05 -2.022161299675492044e-05 2.685116551082399378e-05 -1.330370696995362837e-04 -3.282707825327562041e-05 -5.166723844589248492e-05 3.229602265301512838e-05 1.191912019742943326e-05 1.789527123693998619e-05 1.466951179876676697e-06 1.708835609133410940e-05 6.775707621717266436e-05 -2.267985896352404045e-06 -4.153458561823968291e-06 -1.334526545556627762e-05 -1.355346027468989488e-04 nan 2.560986593679674662e-05 nan nan nan nan nan nan nan nan nan nan nan nan nan nan nan nan
5.561949986765212225e-07 -5.095458583186647696e-07 9.741260695085811695e-07 1.322154286868669345e-06 1.524116068929840197e-05 6.016373987916339655e-08 -9.897670434572741464e-07 2.004175230010351112e-06 2.959802550752421226e-06 2.013234102994054877e-06 8.542464689590254353e-07 1.865253760711182770e-06 1.352591173117916764e-06 2.142272149061606286e-06 2.394145671602312265e-06 -4.405859240771314114e-06 -2.018978460049660128e-06 8.546787553131554501e-07 1.585147197787773119e-06 -3.873241418504204205e-08 1.935096731313484363e-06 -7.368525753913592352e-06 -1.671506095120054201e-06 -1.067243244550783643e-05 -1.180555618748807360e-05 -3.326902015723494707e-05 -2.690715995780959745e-06 -1.375799129676687823e-05 -1.397670088773219845e-06 -2.401314729477791541e-05 -1.934144639888036451e-05 -6.014714024478244367e-06 2.423169811154919588e-06 -2.159558594746661893e-05 -1.527088102789363297e-05 3.398063850202280009e-06 7.969336694216292823e-06 8.675455965672847845e-06 7.536201300925956091e-06 8.849901372586771979e-06 -8.654612118467766347e-07 -3.654096348755367648e-06 1.432977923648145317e-06 6.861841168184213084e-06 -3.995139757969590347e-06 -6.359871489318576821e-06 -2.014805975367065725e-05 -9.942178266807974574e-06 -5.787674816099226307e-06 -7.061805696231904281e-06 9.540320621931861711e-06 -4.175267989526806261e-08 -1.477059467995503680e-06 -3.237890539537893491e-06 2.644326124727210539e-06 -3.106011762181063553e-06 -3.918494782356238943e-06 -1.653453952644450453e-05 -9.809924161702936296e-06 -2.789199137081043326e-06 9.720917636787412194e-08 7.087592360454227285e-06 -2.015447453094182403e-05 4.396903389385316667e-06 -2.935271254631066010e-06 -1.087586236888821166e-05 2.251558551355881422e-05 -2.128977560210051833e-05 -5.384634861218090880e-06 8.012779899058689853e-06 3.613999576473227341e-06 -5.042315239229588680e-05 2.085303089223425449e-05 2.061249493657743978e-07 1.068851662554816318e-05 -3.839561086231281463e-05 5.670571401891809447e-05 -4.325199353167070163e-05 -3.955420264951333461e-05 4.485231028301513238e-05 3.365957038893407335e-05 2.716101912328530154e-05 nan -4.198845429168462866e-06 nan nan nan nan nan nan nan nan nan nan nan nan nan nan nan nan
-1.503808602799691192e-06 -1.606056943815052846e-07 -1.564658380016533960e-07 2.061953256079383256e-06 6.016373987916339655e-08 2.265038409538195301e-05 1.164548825663162855e-06 1.781201482485572428e-08 -6.187993556991941444e-07 4.691658009701063702e-06 3.616026462502671959e-06 8.568122866278803340e-06 -6.354572385600335654e-06 4.078825425812153855e-06 -1.759872449869531610e-06 -1.291456479017042128e-06 8.042667699371113004e-06 6.062940593755425679e-06 4.281339565462434082e-07 -7.031883880568428073e-06 4.478422459633129622e-06 -2.261280183625417006e-06 -1.064097075530262810e-05 1.112485042946884254e-06 -3.602598105789928356e-06 -8.647693674183524028e-06 -1.436792306006869216e-06 1.587601727997057801e-06 1.543654898518578446e-05 5.307584230517233452e-06 6.481534436348024334e-06 5.381943834740609677e-05 -6.183351867438058282e-06 2.589758932456364267e-05 -9.753943231984234203e-06 -1.562071831564586246e-05 -1.089161837071174863e-05 -7.545969546728096505e-06 7.491355495740608331e-06 -3.840285938141929433e-05 2.090120719470718732e-05 -2.393237523649323166e-05 4.084288314616345148e-05 -8.936084291311718883e-06 -3.311515172733742667e-06 -7.800834292414102772e-06 2.940872633612305270e-05 -9.079970359584049376e-07 -6.549679090715855824e-06 -5.721858757273958840e-06 5.914392476630407545e-06 9.185000452752971729e-07 -5.327655939214274965e-06 -7.145832818706168492e-06 -1.961544225690343965e-05 1.678246973457338153e-05 3.577972315491373908e-06 9.223383498173758359e-06 -1.215372513606325463e-05 3.151032476294234736e-06 -1.421657090752101007e-07 -1.905507691935051041e-05 9.506139025045429690e-06 -2.119214298228610930e-05 -5.097174295590895813e-06 1.062006860350593564e-06 1.080546405141860312e-05 -3.118808682770568368e-05 -3.219535020195928195e-05 1.099574733462968827e-04 -8.296713665345742362e-06 -2.979417983009297882e-05 -3.401961047718745192e-06 6.737203178240892720e-06 1.663897584642525131e-05 -1.070994945085321646e-05 2.256254234017837692e-05 -3.271995654993100944e-05 3.752580402692301341e-05 4.462658199282950665e-06 3.017621708411639985e-05 1.552291476709243242e-05 nan -7.159081078201441335e-06 nan nan nan nan nan nan nan nan nan nan nan nan nan nan nan nan
-1.146820674075257400e-06 1.311647675989675948e-06 2.109160976461024749e-06 -1.110486681361804900e-06 -9.897670434572741464e-07 1.164548825663162855e-06 2.527024528304931759e-05 2.032666020120878237e-07 -6.895798681193716317e-06 4.949938896153499620e-06 1.504947123908385587e-06 5.920725590305399201e-06 4.505606276447186817e-06 2.133379470991795159e-06 -1.427301042152147913e-08 5.284800854716506569e-06 7.109688491109290707e-06 6.872644985571882640e-07 5.241925106738900685e-06 1.049331367533244405e-05 -4.000597684919837903e-06 -8.937573586461660370e-06 2.719483098598783283e-05 1.364860007584825990e-05 1.785467176664317222e-05 1.547088284227492804e-05 6.854962500986414267e-06 -1.788998648519061780e-05 8.735418340005213778e-06 -9.749546768720337812e-06 8.259986499815911211e-06 -3.456735906742246813e-06 -8.179598691961827953e-06 8.253754401827842295e-06 1.832089494131498823e-05 -1.614858818221238628e-05 -1.739279752402390461e-05 1.655283261153076352e-05 1.694914549016102574e-05 -2.107505177253851729e-06 4.038084501884027886e-06 -1.080368280370682949e-05 5.423562649554828155e-05 -4.393204661937374409e-07 -3.999689213156672032e-06 1.188223024357017180e-05 4.772746672489057299e-06 -1.537525171345446669e-05 -1.686929160658136767e-05 2.979883320748743349e-06 -4.297445857091005750e-05 -1.733689281116455590e-05 -5.048973141581542479e-06 2.032763728596779913e-05 7.059058101236504564e-06 -3.310121989838323237e-06 2.319900039630457049e-05 -1.683004658369731342e-06 -8.047551659547967547e-06 -1.223758684083891505e-05 8.058867663814375749e-06 2.605092206550776978e-06 4.224552909393473410e-05 -6.998452496280038031e-06 2.619272574839799937e-05 -6.567359521918845270e-06 -5.963672587856981295e-05 -2.182184437537679133e-05 2.901615214641335542e-05 9.735989890510555718e-05 5.143869165634495455e-05 -2.271610641706204597e-05 1.371810489568070328e-05 -3.899003167878848958e-05 2.214238761689546876e-05 1.569827832184684293e-05 -3.631451957739952294e-06 -2.030318952802789362e-05 3.650999252979363573e-05 2.361433403104161780e-05 1.715264314384638773e-05 3.774819813238077361e-05 nan -4.382855133205111443e-07 nan nan nan nan nan nan nan nan nan nan nan nan nan nan nan nan
2.962432344229420691e-07 7.175178452155949256e-07 2.097237987213805788e-06 -1.203349044902046690e-07 2.004175230010351112e-06 1.781201482485572428e-08 2.032666020120878237e-07 2.120540833032694266e-05 4.235413436253550170e-06 3.411702110631108699e-06 5.755643178998388558e-06 2.455594571313605206e-06 1.319359898951234124e-06 5.875165168419117780e-06 5.096586478988121440e-06 5.984859510546997731e-06 5.902304417648595621e-06 7.426693569353638209e-06 8.731439880557588859e-06 4.816659700543643437e-06 -2.407535810998169319e-08 1.687828110031861683e-05 -1.216143356718842041e-05 7.573059135609092986e-06 5.212441155289610472e-06 1.639587638239438372e-05 1.501568790568071097e-05 -5.797145097762601076e-06 3.948302310254356450e-07 7.756148313420365909e-06 -3.030253743422489575e-05 -4.715243145173113519e-06 1.681616386270036879e-05 1.051427438554440079e-05 5.602054603771401033e-07 3.615008410789796309e-06 -2.520885626644353241e-05 -1.095603488170551197e-05 -1.543854774108978627e-05 4.268452365067216067e-06 -1.665223935788888562e-05 -1.620349384289500747e-05 1.630707371711886706e-05 5.549961656503185898e-06 -1.511626306895792129e-05 -1.840627988169043480e-05 -4.408914773308802332e-06 -1.125908901864056791e-05 -7.760753199287047228e-06 5.551479314311570320e-06 -2.473608874370959056e-06 1.716055759574941419e-05 -1.267046184408014217e-06 3.740726462369364059e-06 4.786639847257412744e-06 -1.220189543383646903e-06 -4.752199521475039224e-06 -1.914236083932333008e-05 -1.057515834443178740e-05 1.724928522674946634e-05 -1.251946345137829405e-05 1.747728200489447514e-05 -1.965881611369804836e-05 -2.601938679636145630e-05 -4.046598532368841710e-05 -4.801429174488902808e-06 1.769185158947221156e-06 -1.005829909350629690e-05 9.392687608528989677e-06 -4.846441415367673495e-05 -3.527755139995973702e-05 -5.780478234355591627e-05 -1.305963050555660344e-05 -2.540451848754470007e-05 1.700709219746439274e-06 1.206894186531639932e-06 6.773195554938379919e-06 4.024683735603027231e-05 -2.422096599229348182e-05 1.755027000345969754e-05 5.363376260644227549e-05 3.844218867030140983e-05 nan -1.775033219467895854e-05 nan nan nan nan nan nan nan nan nan nan nan nan nan nan nan nan
2.481685253555025613e-06 5.738580771758590654e-07 -1.215085184563023922e-06 -1.215537266269578532e-06 2.959802550752421226e-06 -6.187993556991941444e-07 -6.895798681193716317e-06 4.235413436253550170e-06 3.557949740402311376e-05 5.550422412855001649e-06 3.322878882198442278e-06 9.320316309615126252e-07 -4.575127478754953243e-06 -2.784864103538751625e-06 5.217541548920274156e-06 8.232278581740497440e-06 -5.915400343379114388e-06 -3.516477107826072469e-06 -2.090647260786898118e-06 5.262087739372306214e-06 1.230878973225082956e-05 -2.981496188953424837e-06 -1.047448159353383053e-05 4.331934452018840569e-06 4.069149274803165480e-06 1.382682470236234581e-06 -1.186036160500211455e-05 -1.241791877765389246e-05 1.855304358560540081e-05 9.014676019197100118e-06 1.291876476284380719e-05 -1.825021397550269771e-05 -1.542605451024128236e-05 -1.342975398102686024e-06 4.744961715509621211e-06 3.547519912370218853e-05 -3.547498776467236892e-05 8.046198198075412786e-06 -3.140512174500126866e-05 4.060023478322636632e-05 3.117145152942688881e-05 -3.302614433494523936e-05 -1.345414514653923614e-05 9.611032669801808796e-06 9.739082132812805768e-08 1.746379560695243892e-06 -2.701962936138420200e-05 -1.223947539540162923e-05 1.423625898465574987e-05 8.057583516989062235e-06 1.975028922022884363e-05 7.838714900952320266e-06 -1.914526581683909115e-05 8.353374930801306554e-06 -2.772093660215024289e-05 2.800859095745839298e-06 3.024329666183981309e-06 -1.916078732508365136e-05 -6.480993065599456243e-06 5.109412382814154062e-07 1.770187084379159134e-05 1.881428896467881453e-05 -1.508393180660226338e-05 3.410145241508652041e-06 -3.278122568087978310e-05 3.771453034811259936e-05 5.089251228726436024e-05 1.361808798702778389e-07 1.326792243925875136e-04 -5.693529337378168496e-05 -2.868698526620879836e-05 -2.720444397164265184e-05 5.834865949900707379e-07 7.297920177500566685e-06 -1.141112649807516410e-05 -5.319339504295547780e-06 1.882597555721286954e-05 4.123763170634088093e-05 -2.854848861496529983e-05 -3.050353448512523879e-05 3.807454666275694711e-05 -2.049844285309993764e-05 nan 2.214711421223125565e-05 nan nan nan nan nan nan nan nan nan nan nan nan nan nan nan nan
-5.323057232098610503e-06 -1.157536551290873083e-06 -5.553557023459031851e-06 -1.035238347492062757e-06 2.013234102994054877e-06 4.691658009701063702e-06 4.949938896153499620e-06 3.411702110631108699e-06 5.550422412855001649e-06 4.670054248188262674e-05 1.588590656221364257e-05 1.472534016499295541e-05 -2.670541123079822248e-07 5.563919551653988720e-06 1.500418809097937004e-05 -5.297928694911614797e-06 -8.035824043035656139e-06 7.492999612019244539e-06 2.001840570972477720e-06 1.121721233296250322e-05 -1.727886459762116830e-05 -6.972053071056450764e-06 -1.324005901172344083e-05 1.636404368843996207e-05 3.435496210424225428e-06 -8.103288955127906895e-06 -7.640893178771971010e-06 6.913171155433546844e-06 5.561161179065076635e-05 4.544066864501860404e-05 3.757195128286856844e-05 -5.782331889529311365e-06 3.335660846170907434e-05 5.957240296344218735e-05 -2.225332999675567198e-05 -5.316320508080675327e-05 -3.157146691676890589e-06 6.319672247963538565e-05 -8.420673569319295693e-06 -1.044364680109533196e-05 4.669181205872959038e-05 1.206128979941852405e-05 6.255554730583050240e-07 -4.245724499303402859e-06 -9.498046182368916280e-06 -1.265185955652693600e-05 4.366991819750107583e-05 -2.788446993228679201e-05 5.242828824430637869e-06 1.892046531660876630e-05 -1.750144262186919405e-05 -7.621413590287127180e-06 -2.311789517890763674e-05 2.941778721007707215e-05 -8.125168586160743894e-06 2.286569900670815965e-05 2.805845492765439694e-05 -8.505296174218599303e-06 3.655814252534974229e-05 -7.824241729865525000e-06 -2.755616437715625340e-05 3.427935494597471333e-05 -5.173844426819809653e-06 -3.577292767110196609e-05 -1.130077493894718338e-05 -4.582256387850373249e-06 -6.050105539061837064e-05 -1.952817077372483260e-05 6.668856709333693912e-05 2.075480139220533963e-04 -7.008991198780879783e-05 4.929916324091942906e-05 3.999096637398172002e-05 -3.499688800040513752e-06 6.197381762911832520e-06 3.964339242437236863e-05 7.878835788701374441e-05 3.794408271726360904e-06 4.021725361248542800e-05 3.239061079792933791e-05 -1.283834525846611040e-05 6.019678840182458314e-05 nan 1.092958205409533154e-04 nan nan nan nan nan nan nan nan nan nan nan nan nan nan nan nan
-3.883182232767392651e-06 1.974002841400127038e-06 2.811321223595540071e-06 1.253624067802153232e-06 8.542464689590254353e-07 3.616026462502671959e-06 1.504947123908385587e-06 5.755643178998388558e-06 3.322878882198442278e-06 1.588590656221364257e-05 7.296998136430658940e-05 1.907205306161401819e-05 -1.216861596273834288e-06 1.580720691912103449e-05 1.456105076868161371e-05 7.495446186408877933e-06 -5.079445843064097928e-06 1.041499907684979327e-05 2.240467101999173919e-05 -1.163790976990269843e-05 -3.061086092568039943e-06 -2.907583940242539089e-05 2.757874358035686008e-05 3.563675260995929385e-05 2.225823903900782874e-05 2.690591240407327837e-05 -5.726268421684292751e-06 -1.760098937096387595e-05 5.158958262361300031e-05 5.753093438420627226e-05 1.375874775615787857e-05 -2.043742748139042230e-05 -3.692660131260086601e-05 2.527492881273725149e-05 -4.767580660682648030e-06 -1.495727200585635530e-06 4.697549209393159252e-05 6.168079480937671792e-06 -3.059001738717065919e-05 5.035230318633311707e-05 -2.697918152188624735e-05 7.897998202837681344e-06 -2.706473435498990722e-05 -1.131808586287573960e-05 2.903879930409161480e-06 2.842249344625682836e-06 1.318948192142593947e-05 1.267487848717609473e-05 -1.231720421261934120e-05 -1.501833784967940961e-05 4.595616181434930061e-06 1.666569470267352418e-05 7.588152887667046414e-06 -1.088704405872969480e-05 4.231050872446436879e-05 -5.512305159949861384e-06 3.194090408908204377e-05 2.697966507556375278e-06 -2.122482872395077422e-07 -3.286994477562340996e-05 3.153655128490110885e-05 -4.679670054390607149e-05 -1.406744347151830795e-05 -3.556566719953643948e-05 -9.699887919853936592e-05 6.091708089677208923e-05 -1.276980059974795409e-05 -1.788363144853237282e-05 5.754083094978943309e-05 2.558824868088581720e-04 3.117332513088004486e-06 -4.004115131229600414e-05 1.873812088675641478e-05 7.589028046179253329e-06 5.224561548212658065e-05 2.806270258697897242e-05 1.235476972811188864e-04 1.251157882335023853e-05 -7.179962477018736217e-05 3.681899045527859673e-05 -6.004157573020817723e-06 4.748594343046164552e-05 nan 2.630024206894233338e-05 nan nan nan nan nan nan nan nan nan nan nan nan nan nan nan nan
-3.920607510662160092e-06 -2.693060106886409090e-07 -2.150687723177014688e-06 -9.693242711851411085e-07 1.865253760711182770e-06 8.568122866278803340e-06 5.920725590305399201e-06 2.455594571313605206e-06 9.320316309615126252e-07 1.472534016499295541e-05 1.907205306161401819e-05 7.015614899531299206e-05 5.652280290658108542e-06 8.870123722327611455e-06 8.203154076333649177e-06 6.024937952940231280e-07 1.088336398241386438e-05 1.447192043532312613e-05 2.071317918704166232e-05 1.086856953521655301e-05 -2.572675267049369013e-06 -1.123131990402943073e-05 -2.370106577779050431e-05 4.115568998732373418e-05 6.558717020466757399e-06 1.698321883336962771e-05 -1.505315847571617691e-05 -2.574511520223410306e-05 -2.440477276523718859e-05 5.416642195455256630e-05 4.529268533410091762e-05 1.227113078299782618e-05 -2.521962712237663896e-05 -1.055278394927428802e-05 2.509141436044581082e-05 -1.569481619933524977e-05 4.950222056640694893e-07 1.606504835362295450e-05 -8.324273766840507395e-07 -4.289593282049503022e-05 -4.608608804181914785e-05 -4.491237096245964325e-05 -1.308053629587263495e-05 2.753832709463315085e-05 -9.130509324442356625e-06 4.557351916354177024e-07 1.270810531089152200e-05 -6.865085270522677628e-06 -1.182941212370574173e-05 1.220468362564880141e-05 -3.054135623071268439e-05 -1.652783428818404188e-05 -4.667483380077319086e-05 6.252800745493185922e-06 2.605349076571568349e-05 7.260539672907072447e-06 -5.829406025410072134e-06 -3.274225213236120566e-05 -2.108318329372364509e-05 3.088027707779697451e-05 -2.583064348054890343e-05 2.038596635625912905e-06 -4.292316349161718371e-06 1.519562117546408605e-05 -1.688126484804879928e-05 6.089915220862659506e-06 3.742995285059751376e-05 -1.235169779977423047e-05 6.883604368692514705e-05 1.672747514984464505e-04 -4.446655850287144365e-05 -1.085519486537378649e-04 1.807604668338860121e-05 -1.557821917218618363e-05 -1.665834602977550380e-05 -5.315962726174700996e-05 9.712750737193704656e-05 1.066245198393078178e-04 -1.381504542021560365e-05 6.246453111964400976e-05 -1.363487594409579045e-04 9.556495001433943487e-05 nan 3.839544905293798956e-05 nan nan nan nan nan nan nan nan nan nan nan nan nan nan nan nan
1.706030742842653551e-06 1.324154002341666589e-06 -1.641910534776339784e-06 -3.861355679737931554e-06 1.352591173117916764e-06 -6.354572385600335654e-06 4.505606276447186817e-06 1.319359898951234124e-06 -4.575127478754953243e-06 -2.670541123079822248e-07 -1.216861596273834288e-06 5.652280290658108542e-06 5.995679398245077691e-05 3.333393388917375514e-06 6.028287579272819462e-06 2.173192298500262759e-06 4.632471484260237756e-06 4.984934462766385441e-06 -7.808776418280098864e-06 1.161796858934370380e-05 6.070759552297601839e-06 -1.490768558804758910e-05 -7.222988844000782556e-06 3.028295038441349016e-05 2.224062538526546542e-05 1.186285766555428355e-05 1.313180898952315433e-05 1.086816460227733606e-06 -3.024066787164442099e-05 -2.499079283472777042e-05 8.449952520608821997e-06 -8.113611503340427400e-05 -4.122287884590489703e-05 5.958154660614639547e-06 2.499517327090611076e-05 1.729833590327130587e-05 8.993345327968501425e-06 7.137890583662672968e-06 7.914079253601228414e-07 2.101463023708160382e-05 -4.056033946656662191e-06 1.686138144868826560e-05 5.967908302541247181e-06 7.146278440031699589e-06 1.992513330608150526e-05 -7.264867090194174199e-06 -3.558792392655914423e-05 -8.212504726206625353e-06 -6.537316707725192984e-06 1.055608105388872245e-05 3.194606228780863176e-06 -1.347795685191494194e-05 7.306073302639790404e-06 8.145044759936409529e-05 1.183842273717613523e-05 2.490814823949328465e-05 -3.584527052663277226e-05 -3.937185614974007808e-05 -1.652382662460314262e-05 2.958685989762361711e-05 -1.126581422712223515e-05 3.398801357973880831e-05 -6.300230755747881085e-06 8.010879874982793989e-06 -2.999194089750576291e-06 -2.920935786618443091e-05 3.702916166651680355e-05 -4.661139910445735962e-05 9.329018214815194506e-05 -3.332733182051061098e-05 -1.368320870668372473e-05 4.947925402547957089e-05 4.194723966378703596e-05 -8.242939031323207229e-05 2.251535202961983751e-05 -7.862219228640959399e-05 6.904628561022884293e-05 -3.297675672835003688e-05 1.056428972534519052e-04 2.871958912418504727e-05 -5.867076692793028687e-05 1.063822134130679105e-04 nan -6.961503897343852072e-05 nan nan nan nan nan nan nan nan nan nan nan nan nan nan nan nan
-4.265522685405291383e-07 -4.069118754977633130e-07 -1.225123373893967368e-06 9.666777819884154469e-08 2.142272149061606286e-06 4.078825425812153855e-06 2.133379470991795159e-06 5.875165168419117780e-06 -2.784864103538751625e-06 5.563919551653988720e-06 1.580720691912103449e-05 8.870123722327611455e-06 3.333393388917375514e-06 5.657836824709616615e-05 1.025902793326675603e-05 9.026991854508589522e-06 2.604815313091267793e-06 -2.432211859951466723e-06 4.505709154020739469e-06 -1.365608547029206079e-05 9.713471515349449744e-06 1.138117069730280950e-05 1.182449898386032824e-05 2.935935543280790232e-05 1.144893496159502356e-05 -2.962634845521945238e-05 -5.081554735530542893e-06 -1.095557086609320471e-05 4.743323002413276203e-05 7.382256676492979948e-07 -3.991113281477690159e-05 -2.487870601759938554e-05 -1.869935294822823224e-05 6.388556965168116152e-05 4.221653797437455847e-06 -5.180099125933001569e-06 4.862150771021815383e-05 -2.194363666441769172e-05 -8.942613515839273009e-07 4.814558989192787393e-05 -2.005164202815444121e-05 -1.917273561529322286e-05 -1.711639253708606751e-05 -2.275889805940997386e-05 1.310117847701891571e-05 -1.891149517736398603e-05 1.983407783455331351e-05 -1.640741731399854495e-06 1.980612115453749266e-05 -1.506863760931711259e-05 2.750520712358896593e-05 -1.171396703749007946e-05 2.218362445013427850e-05 -1.907977376529302710e-06 1.907574176335543296e-05 1.935538070761037174e-05 -2.748421620317065492e-05 2.795355554514434321e-05 -1.208366087163501220e-05 2.087525368550949823e-05 -2.560335778455409477e-05 -3.024182106800774660e-05 1.357342813843222369e-05 -1.077160830383028337e-05 1.024343745141703800e-05 -3.410211641497912395e-05 -4.999203145452486911e-05 -1.249734792160920314e-04 1.317830557544890469e-05 3.569086389063442854e-05 -1.876057298015732560e-05 7.172651757262233111e-05 6.366787940371397829e-05 1.887681987959950795e-05 9.858623952900453198e-06 -8.807083529511168922e-06 1.602317935171379415e-05 -2.611729350904992738e-05 2.948751846153332932e-05 4.656477856814728662e-05 3.799726363967479082e-05 5.033416077035228838e-05 nan 4.372653427457940626e-05 nan nan nan nan nan nan nan nan nan nan nan nan nan nan nan nan
-2.948319090729780937e-06 -2.142327478932298834e-06 1.172607099555387885e-06 4.613932134570873401e-07 2.394145671602312265e-06 -1.759872449869531610e-06 -1.427301042152147913e-08 5.096586478988121440e-06 5.217541548920274156e-06 1.500418809097937004e-05 1.456105076868161371e-05 8.203154076333649177e-06 6.028287579272819462e-06 1.025902793326675603e-05 8.632149032129230522e-05 1.264246358156724145e-05 -1.241310531113339085e-05 2.545690295322908871e-05 -1.005271812814777932e-05 7.547559812135987614e-06 -1.315533879772705421e-05 3.261499081903938716e-05 -1.605909719066830760e-05 2.778982887397669538e-05 4.776595138040446752e-06 9.024876099517353744e-06 1.549386447442154341e-05 2.459261506844056370e-05 2.667066390560660107e-05 2.692329858171046587e-05 6.246251598501160714e-05 -2.907977524907850907e-05 6.662526362064913419e-05 -4.338181294056302808e-05 -3.160559429572013852e-05 1.079028841308906557e-05 -7.011738763208075587e-06 1.902963086038309142e-05 2.864841985514811953e-05 -4.680753672558895519e-05 6.771823513908981724e-05 4.572845144593894038e-05 1.304865162602124334e-05 8.008564362728193346e-06 -3.565657572307479663e-05 -7.884835884740457171e-06 3.460309436220541610e-06 -3.907743995438241961e-05 2.120049197906434015e-05 8.009333791886752004e-06 -1.741289251915729343e-05 1.532072966415663984e-05 -6.159839687511091584e-06 7.349853837693405090e-05 2.044374850827179998e-05 6.046574172866172421e-05 4.032708722344418453e-06 5.189468836165528092e-06 -3.465646536400296320e-05 2.096032005027817280e-05 -9.505502113720379397e-05 1.510284749760072538e-05 6.014231708003990568e-05 1.798363765198780851e-05 6.993130328829061361e-06 -2.063951607103821885e-05 9.423628870195873938e-05 -2.558712008571121895e-05 -4.940176852692669871e-05 -4.997221482685125634e-05 -2.442399151490674177e-05 -2.287536762476487229e-05 8.768688154646352650e-05 7.918889192423838637e-06 1.266442647973107864e-05 1.523062666218189443e-04 5.228010322010985560e-05 -4.901839232109610542e-05 1.148077574882910596e-04 -6.147821844568700494e-05 1.520762486202058594e-05 1.150999532591963278e-04 nan 1.160695275403322759e-04 nan nan nan nan nan nan nan nan nan nan nan nan nan nan nan nan
5.272227716567576722e-06 5.600898281413938262e-06 5.684004436441542731e-06 -1.400126899961109868e-06 -4.405859240771314114e-06 -1.291456479017042128e-06 5.284800854716506569e-06 5.984859510546997731e-06 8.232278581740497440e-06 -5.297928694911614797e-06 7.495446186408877933e-06 6.024937952940231280e-07 2.173192298500262759e-06 9.026991854508589522e-06 1.264246358156724145e-05 1.126457015540801318e-04 -9.258424651545007158e-06 9.831201432436399952e-07 6.086307990100075293e-06 -1.524192379284336576e-05 1.496043563043933208e-05 1.956366102875702645e-05 4.944850811389624580e-05 5.768057090120674450e-05 4.486702033596025394e-05 2.581330122681050194e-05 -7.792435885276428114e-06 -2.008354854841565220e-05 3.621377374479050883e-05 2.946104466287274981e-05 1.765336104953920581e-05 -5.147978102426979381e-05 -1.134708651880803615e-05 -3.390249016627989477e-06 -3.914216379564138296e-05 -6.996267646756663332e-05 -6.249041900142277060e-05 -2.392208772222366263e-05 3.375374801814701991e-06 2.241953225567256707e-05 -6.995115894291315390e-06 2.059230451769992063e-05 1.523494556823141083e-05 1.338665933382005310e-05 -2.058229347007214401e-05 -9.762795760975175284e-07 -4.207727120169953436e-06 -4.669421727420720700e-06 -1.785844936281962307e-05 2.588820574459120129e-05 -8.373598833892422128e-06 -2.954076234885249412e-05 -5.526369195643918489e-05 2.908378085553738800e-05 1.353917990417196659e-06 -6.494636448234092497e-06 1.995842969826757616e-05 -5.602707603579729996e-06 1.104595978187154809e-05 -2.061076102967751632e-05 2.136114902594543085e-05 4.091806356281103256e-06 -6.993206428367941203e-06 8.406250099609532684e-05 3.524928828336056980e-05 -3.741225186402714567e-06 6.700246050393509440e-05 8.577461170547888864e-06 -3.686305246415411070e-05 -2.365088924616837575e-04 -1.760926331417684589e-05 5.676662803984801441e-07 -2.852604731348860092e-05 -1.204621949592853824e-04 -4.778656612424289553e-05 1.148979189092137434e-04 4.132272645054783038e-05 2.363275811415729768e-04 1.785984355321867384e-05 7.527319137019795013e-05 2.294741818785462056e-04 2.991352077480673806e-05 nan -1.174183289385561686e-04 nan nan nan nan nan nan nan nan nan nan nan nan nan nan nan nan
3.807059674130171157e-06 -1.778752655733766337e-06 -2.126905289337166747e-07 -1.965845884805111899e-06 -2.018978460049660128e-06 8.042667699371113004e-06 7.109688491109290707e-06 5.902304417648595621e-06 -5.915400343379114388e-06 -8.035824043035656139e-06 -5.079445843064097928e-06 1.088336398241386438e-05 4.632471484260237756e-06 2.604815313091267793e-06 -1.241310531113339085e-05 -9.258424651545007158e-06 1.361583209445923744e-04 -1.440255134092834817e-05 1.332694767627027125e-05 -1.132551924528250207e-05 2.316775904724186657e-05 -5.813461425363687624e-05 -6.174648548490680746e-05 1.585420680272254332e-06 -5.737934722770932231e-06 1.713851846051787589e-05 -3.887883939381823594e-05 -4.003148589518627917e-05 -8.292219538152426300e-05 -1.134132950277637920e-05 1.822085010986372423e-05 7.964591894973382707e-05 -8.588818047234589087e-05 6.370686393692911839e-06 3.111215868316056799e-05 3.525337785274245826e-05 -1.267868681812926706e-05 -2.643985902568729928e-05 -1.745870338253112524e-05 4.415353484892594021e-05 -9.421732705865858051e-05 -3.399118692581976677e-05 3.488653158500231935e-05 -5.340916762236038016e-06 -2.916238258971162026e-05 4.243646741345793950e-05 2.880699476617021925e-05 2.860544951592752384e-05 2.199323738838418563e-05 -2.831952895650413800e-05 -1.546171543861862968e-05 -2.614844045903595796e-05 -5.137541636585643864e-06 -2.362237583749025811e-05 -9.251359600502842508e-05 7.398494956639465974e-05 2.422293865271171246e-05 1.647351025056854930e-05 -9.661126169425199615e-06 1.277355063010130666e-05 -5.265043845805911135e-05 1.368269767090294951e-05 -5.864483287612540398e-05 -4.146922022068258342e-05 -2.536045656404256181e-06 -3.313541209758810995e-05 5.021978384325623404e-05 7.498153412689338238e-05 3.504894805371301593e-04 -2.920086185651494734e-04 3.706799322621941926e-05 -7.645336464027654543e-05 -4.120698073986651391e-05 -5.788214747096653552e-05 -8.226163192687542829e-05 -1.178168918022243645e-04 -1.524945627209117857e-04 4.139025010454757143e-06 -1.262927839056344863e-04 3.050708147147804329e-05 2.905991735268088623e-05 1.108452213546172666e-04 nan -2.481933942477002552e-04 nan nan nan nan nan nan nan nan nan nan nan nan nan nan nan nan
-3.489681802401333180e-06 -1.599991233090376293e-06 4.459772450939076489e-06 -2.880460794440010820e-06 8.546787553131554501e-07 6.062940593755425679e-06 6.872644985571882640e-07 7.426693569353638209e-06 -3.516477107826072469e-06 7.492999612019244539e-06 1.041499907684979327e-05 1.447192043532312613e-05 4.984934462766385441e-06 -2.432211859951466723e-06 2.545690295322908871e-05 9.831201432436399952e-07 -1.440255134092834817e-05 1.791103893822376734e-04 2.075454521470547351e-07 2.128325280206586497e-06 -1.161527613545422727e-05 4.309332458392080561e-05 -2.416693721309878015e-05 6.993490448996764945e-05 -2.028654167525604637e-05 4.229423153529385227e-05 1.176754649652673050e-05 -7.782459404750382062e-05 -5.386560333952660048e-05 6.402172455679722607e-05 5.201271063212960759e-05 -5.164930680646634734e-05 7.338603828698518682e-05 7.858353710474018291e-06 4.084471871422028992e-05 -2.290268363027479044e-05 -8.549395241172235338e-05 -6.897210658291050814e-06 -6.026285787052430932e-06 1.325909011682952389e-05 -4.321318860252100556e-05 6.697602007879212131e-05 2.411596181675001589e-05 1.510561544041731275e-05 -1.219882576780947887e-05 -6.705808427636014929e-05 -5.750862032106908716e-05 -2.860778522680312733e-05 -3.947264025856128786e-05 -7.736357891911282075e-06 -5.498436329527490654e-05 -7.046764589338264345e-05 -5.610964679228130991e-06 3.831449108637014975e-05 7.334418604834783122e-07 -3.941737653875525943e-05 -3.329509566272491247e-05 -6.081257865470123588e-05 -1.778170814816244891e-05 -1.615036688402070162e-05 -1.151630656896980473e-04 -4.919254404126841495e-05 3.744084043875829464e-05 -2.251480899134434440e-05 -1.286739157942745336e-05 3.734144910049660553e-05 -4.013750138431068892e-05 -4.910896969901433490e-05 -6.536448490926556609e-05 6.894231976704632116e-04 -2.023873747507360502e-05 -4.345493917402065877e-05 1.052729402012499892e-04 -6.431547442069437666e-05 1.312333897453450151e-04 6.074169575776491864e-05 1.495711020822413501e-04 3.453391489499087305e-04 -1.960664307375203615e-04 2.870727919099213445e-05 -5.710129696443225992e-05 8.743961314983842521e-05 nan 1.192061146551057189e-04 nan nan nan nan nan nan nan nan nan nan nan nan nan nan nan nan
