5.380057941143417247e-06 1.226756278586902200e-06 1.545107282773190716e-06 -5.162328573628672190e-07 1.203465133981053507e-06 2.514047655992464964e-07 -9.799865644813641511e-09 8.246091437721711546e-07 1.733013999058713392e-07 1.353179240477713182e-07 -1.992124855303699438e-06 -8.247048042481338309e-07 -1.574027725006822400e-06 -2.211948176933132793e-06 -1.916879447493846362e-06 -1.567869914700427613e-06 6.658939689808635011e-07 2.335650243418946693e-06 -9.825119362794444375e-07 -4.000300143478268514e-06 -5.351884640448530767e-06 -5.537958046696944452e-06 -7.260616881632245009e-06 8.023579323677352122e-06 -7.851447470768360050e-06 3.481942088242092882e-06 4.185755178860040461e-06 -1.468294655309456260e-06 7.726702849530069541e-07 -1.147433516886738723e-05 -6.432789463898245463e-06 7.058732517048846666e-06 1.115811162170806921e-05 2.751669743318240750e-06 6.076739194789265583e-06 -9.891729764577178056e-06 -1.477277078451188334e-05 9.803668735493591962e-06 1.785505791384925096e-05 6.475649930439432386e-07 -2.154412530212093237e-06 -2.339321364726773099e-06 -1.916660792089754019e-06 -1.642242155376973127e-06 -3.925008172966779800e-06 1.180362563428063258e-05 -1.347997840662299350e-06 1.793987580717524517e-06 5.635309835358898300e-06 -8.560645159489951655e-06 6.369563319860383455e-06 -8.151120995838933629e-07 8.483941236208299242e-06 -2.151405859174804763e-06 -1.507808747251921423e-06 1.183693974895033358e-05 -1.858202966461429260e-06 -8.892127776296837531e-06 -3.906304787741480658e-06 -3.364636705053597700e-07 -7.941052078435614745e-06 8.805292811409885670e-06 1.832671447896945972e-06 1.772827470987605590e-06 -3.535395865680953710e-06 -1.136009320362241156e-05 9.114997769969718715e-06 3.322483821231465417e-05 2.896662109151014862e-05 -8.461015286273334038e-05 3.444383206278544104e-05 1.491710710079492242e-05 2.756374196328255824e-05 -6.262155539612208862e-06 -7.418328427734442443e-06 6.204082506917474209e-06 -2.463667071480031465e-07 5.252126329369535932e-05 -1.675637054021900847e-05 -1.441902187045708890e-05 -3.003527615912262140e-06 3.732170698127393582e-05 nan 3.300831455452935540e-05 nan nan nan nan nan nan nan nan nan nan nan nan nan nan nan nan
1.226756278586902200e-06 1.089904250747588545e-05 7.221888972571077780e-08 -3.763956364694048615e-07 1.281486400446383756e-06 -1.135177089083991105e-06 7.608517172327205768e-07 -7.179283428582772481e-07 1.857134289181998530e-06 -1.433381524824437295e-06 2.032498722080803758e-07 -4.067845748855991672e-07 1.825230080124348002e-06 -1.407258047441920408e-06 9.745498723581444299e-09 1.845338083623340135e-06 -5.081310659065990403e-07 1.313865099681090677e-06 1.330754895658069804e-05 -1.239612788290736617e-05 -3.085018551878170895e-06 1.922133163259402893e-06 -1.027846565034051958e-06 4.355219070309801632e-06 1.597213809807204975e-06 -8.584727833256075853e-07 -1.376494470473354798e-05 5.414516737180398155e-06 6.568523597951611688e-06 1.137811314641066402e-05 -2.837348348738809634e-06 1.775498868493280549e-05 1.578997694292517853e-05 5.577136379102086394e-06 -9.515909707855792516e-06 1.362681686627252661e-05 -9.903296634938527730e-06 5.646163270390654347e-06 -2.477518677843697464e-05 -8.343129900268934912e-06 3.740223846802853924e-05 -2.101314569492386856e-05 2.646163986557631627e-06 -4.014617380816961171e-06 -6.040096189066566236e-06 2.360543541172484251e-06 -2.712204981737799807e-06 6.496758941037720308e-06 -1.361822109443584756e-05 -5.567942262062389774e-06 1.678849451722664630e-06 -9.298990557205124888e-06 2.432079591434845701e-06 1.262301766451081911e-06 -5.991718308154323981e-06 6.555105228710227008e-06 9.789077634889467848e-08 -3.276096620168789656e-05 -1.386581672926103808e-05 5.144760954515147531e-06 1.571338274130583919e-05 1.249650809866191311e-05 5.179700692887411969e-06 -2.894438757800008540e-05 -7.714456762331617701e-06 -1.165481399227102146e-05 -1.690114887763754308e-05 -2.606731376290523429e-05 -3.720449766914160617e-05 -4.948793294888955549e-06 2.139543649342132381e-05 1.838493880559708961e-05 -6.232403871892190811e-06 1.898010676515615524e-05 -4.660870924625372586e-05 -3.880243869162151421e-05 4.533119317809207016e-05 3.613910946692419380e-05 -1.071823843834053184e-05 7.431596688203318717e-05 -4.072777052883060195e-06 -2.016366110027436042e-05 nan -6.426885551879783510e-06 nan nan nan nan nan nan nan nan nan nan nan nan nan nan nan nan
1.545107282773190716e-06 7.221888972571077780e-08 1.144232892208903015e-05 2.245788772405202391e-07 9.376207866853018992e-07 -7.025625890554958854e-07 1.803260721572113062e-08 2.716902263803385802e-06 -1.078559843759317025e-06 1.348192246375902950e-06 1.975030746829632856e-06 3.604112509130546299e-06 -1.242726931581720784e-06 -5.126850174265850061e-07 8.511026747014730384e-07 1.157865304071529784e-05 1.438829409947975844e-05 8.520726221223852746e-06 4.408605867391604320e-06 -7.834075706325306660e-07 3.170696735463417335e-06 1.904698330911527127e-05 -2.265800654891981191e-06 4.006705758264737640e-06 5.377722907791710227e-06 -1.185167885577886757e-05 -1.930713582795683195e-06 -1.895838366112606429e-06 -3.226176072474511397e-06 9.733696696541510235e-06 -3.390584678179949072e-06 -2.247049695524729499e-06 4.947896343426193585e-06 3.120073760384244737e-06 -1.787452447369121941e-06 3.156845358949695456e-06 -1.849280540162152631e-05 -8.419199351253998584e-06 2.595757083362679575e-05 -1.829640657452947795e-05 -1.464628135705451492e-05 2.259748481221396859e-05 -1.330469513939916270e-05 -1.783109752346878346e-06 5.197414072560180798e-06 1.265241426805467668e-06 2.529881212744023307e-06 -4.363796654505237090e-05 3.353197213974911931e-06 9.232796625410393679e-07 -1.502655111475146874e-05 -7.608944698780104899e-06 -5.275491745236354965e-06 -6.139621608699277451e-06 2.848902010117414433e-05 1.548396982974321385e-05 -7.949062975374563788e-06 -5.831189961059487623e-06 6.621453086954545053e-07 -4.160010352270414685e-06 -1.576314272678826166e-05 -2.560714960805982802e-05 1.394613462257879603e-05 -2.642206616197601934e-06 1.347084492756209771e-05 3.681228760486299976e-06 -2.405267817305797309e-05 1.857710240756052525e-05 -7.910672938567432671e-06 1.877989064608861629e-05 1.918047254597134290e-05 3.192824774381817327e-05 -3.170078639641138696e-05 -1.051402429126287897e-05 1.524442401872341419e-05 -2.254838965169444654e-05 5.505867485365681683e-06 -4.335946869184298890e-05 -1.032164734076033127e-05 -1.187992351183179039e-05 2.275691175685447460e-05 6.048731659756570130e-05 nan 6.800434925113223416e-06 nan nan nan nan nan nan nan nan nan nan nan nan nan nan nan nan
-5.162328573628672190e-07 -3.763956364694048615e-07 2.245788772405202391e-07 2.193221361627509946e-05 1.034889973810349835e-06 3.739655198863533852e-06 1.704684889373045898e-06 1.590208930018219076e-06 2.821226173560302295e-06 -2.621792392767799760e-06 2.196321683170358687e-06 2.079234879792915941e-06 -5.758735214015057352e-07 -2.333930840834421333e-06 -5.708315584417167789e-06 -8.227561134788609326e-06 6.909007993446399840e-06 -1.576690034256035078e-05 4.222320021357097969e-06 1.692178993228708004e-06 1.783380224666691831e-05 -1.461450234516833079e-05 4.744575603940274311e-06 7.338096009584122727e-06 -1.353456653357425744e-05 3.144880993385650431e-06 2.575328629250499111e-06 4.330649395199891536e-06 -1.898847706392644386e-05 3.157822135269490631e-07 -1.666494901611134696e-05 -7.534575820912555808e-06 2.318743542099228498e-05 1.293452233004265224e-05 2.538270219772777528e-05 1.666875879207414333e-05 1.965359408068058069e-05 -2.402110878720496511e-05 -2.452670538286501841e-05 -7.934752914983903214e-06 1.759752442367750253e-05 -3.502086846038901844e-05 -7.108183510440706671e-06 1.169609704631628147e-05 -2.312217198628945414e-05 -6.043183532138361973e-06 -1.186107770640752878e-05 -1.537310621843401517e-05 -2.480913682623773394e-05 -2.961299629407100715e-06 -1.435937858887125973e-06 1.112465506026483630e-05 -7.230742227964824783e-06 1.744619254298588386e-06 2.028898624161358687e-05 9.661582072322334299e-06 -2.666720900734055255e-05 1.235308089650777983e-05 1.318037110928809471e-05 4.746573384684779146e-06 -4.210182680792606130e-05 2.294072666655889983e-05 1.498474113335076809e-05 -1.062750110964307080e-05 -8.285027958621381112e-06 6.615890669074085289e-06 -5.651188684815636214e-05 2.997044103201444953e-05 -1.400677103442177926e-05 -2.136713798279777192e-05 -2.902958999184921879e-05 -6.916211693837753273e-05 -5.501140638550955261e-05 5.251947125405227591e-08 2.621097259639480076e-05 2.002537642261055571e-05 -2.039254704434498378e-05 3.635514802681079158e-06 -2.858958581603964627e-05 1.321989365519956347e-04 1.763868958918696180e-06 9.792207881950642492e-05 nan -3.709485013269141298e-06 nan nan nan nan nan nan nan nan nan nan nan nan nan nan nan nan
1.203465133981053507e-06 1.281486400446383756e-06 9.376207866853018992e-07 1.034889973810349835e-06 1.842511392708043024e-05 9.207272792713440296e-07 2.866102226295999684e-06 3.664997422601109452e-06 6.559102469061203186e-07 -1.066076845695077584e-06 -2.463779764394668114e-06 4.642343056323874819e-06 -2.169591111991012449e-06 2.185837900433916923e-06 -9.747263097778837170e-07 1.239463115126777889e-07 5.294213752668126859e-06 6.308553642585000992e-06 -3.174569460490598337e-06 3.547109909809338860e-06 5.206317363451818398e-06 3.803890095006820075e-07 1.046788025635613980e-05 8.125120000656036395e-06 3.652659782439124110e-06 1.763348253658534380e-05 -1.574399164350408860e-05 -4.191185355531250723e-06 4.330219610639688011e-06 -1.225341132000853285e-05 -2.117907588056900452e-05 1.244590354739395161e-05 1.368030143686382499e-07 1.367890810108973559e-05 1.454492268213608704e-05 -1.008933711861680291e-05 -6.133669986517819617e-06 1.670492843335187787e-05 4.011882786887836745e-05 1.448842000873342953e-06 1.595994642943164210e-05 1.268456904007481841e-05 -1.495103610079940573e-05 1.013098049546134681e-05 -7.091970781882990155e-06 -8.541698820205658173e-06 -7.499331022063424571e-06 1.971284264123928973e-05 6.324868201296816811e-06 -4.378793090344141475e-06 -7.416603955863379319e-06 1.745552746421346214e-05 -1.456520179946605888e-05 -1.123177062114272910e-05 4.030451625798767270e-05 1.829911204059227710e-05 8.168866356143958518e-06 -1.149243255774178456e-05 -3.309803309232178434e-05 7.529118216555676964e-06 5.025654766404310462e-06 1.267299916394235388e-05 -1.330602192582798738e-05 -8.373674984337590771e-06 2.694025215279107825e-05 -3.178397153245323269e-06 -2.101027215663895130e-05 1.311768627183183427e-05 -1.312149391824953589e-04 1.367031112105346867e-04 2.701066737211087600e-05 -9.537654443513258966e-06 -3.540873941212793811e-05 -7.615489544399106712e-05 3.492016558617687502e-05 2.136294358364982109e-06 -8.416948447888800060e-06 1.091354144500236416e-05 3.861293392711328473e-06 4.720534619187718024e-05 -3.494439440671540635e-05 5.555207272886627731e-05 nan 3.944702787563078274e-05 nan nan nan nan nan nan nan nan nan nan nan nan nan nan nan nan
2.514047655992464964e-07 -1.135177089083991105e-06 -7.025625890554958854e-07 3.739655198863533852e-06 9.207272792713440296e-07 2.119390863834380120e-05 -3.564488387990629850e-06 2.490895095871539138e-06 2.522323982131650879e-06 7.148086785698587918e-06 -5.570989082887328737e-07 -1.411552588106337285e-06 -2.711271429929472758e-06 -1.260146238397638376e-06 -5.854324110627937296e-06 -1.178179542567492287e-05 2.999730921986019289e-06 -2.706036916489727014e-06 1.174104879257445634e-06 -5.827795099871430496e-07 2.743499198433048901e-06 -5.358547803754407672e-06 -4.214707869662803412e-06 2.028399036931889118e-05 -5.664127644515503213e-07 1.179052840636635863e-05 -2.943332703960897460e-06 -5.681037392026798022e-06 1.090275818328877859e-05 2.570466970022059568e-05 -1.824056162300290333e-05 4.860183668801798626e-05 -1.602610637597452550e-05 -8.219421674460884267e-06 -2.307565461713407431e-05 -4.136382455219752001e-06 -2.182546898644192803e-05 -2.260719861133039736e-05 -1.301287363705815341e-05 2.874556794456143491e-07 3.562019436384405806e-05 4.034457851396759308e-06 -1.607914043562822418e-05 -9.644445772438421668e-06 -1.832093444753497957e-05 7.060962061658614012e-06 -5.685460985831651104e-06 4.479749600296463226e-06 6.510368730032317088e-06 6.718283616939431091e-06 3.287990577002195217e-06 3.647904821146399758e-06 -2.626819133606818894e-06 -2.048208398964076115e-05 -2.518011039530762736e-05 -3.185352977530376650e-05 3.499900815982760062e-06 4.095947184070719723e-06 -7.491062715106392110e-06 -5.676616521204416259e-06 -3.889953681249511206e-05 3.473251575245822989e-05 1.575438028369490333e-05 -4.084756782862005163e-05 2.208115568899123163e-06 -2.870933245711661445e-05 -1.128097133826591082e-05 -1.236586924847036914e-05 -2.035684138067819581e-05 -6.290055662546926234e-06 2.052736099589838796e-05 -1.683924126986346894e-05 2.160571447811889789e-05 -3.609328334920051571e-05 5.187170687291134521e-05 -1.878612004328914780e-05 -2.781678407620692808e-05 -2.142713725856586847e-05 -7.792455862380293774e-06 -1.921212184456041000e-05 4.801052536071151379e-05 5.973099567814706032e-05 nan -1.487511105388983736e-04 nan nan nan nan nan nan nan nan nan nan nan nan nan nan nan nan
-9.799865644813641511e-09 7.608517172327205768e-07 1.803260721572113062e-08 1.704684889373045898e-06 2.866102226295999684e-06 -3.564488387990629850e-06 1.741756909527632515e-05 2.567496034471713702e-06 -3.913017236406990763e-06 -4.901765626802746518e-06 -2.455376056302171587e-06 -1.096455850062156912e-06 -2.072011475491148283e-06 1.670185797773913413e-06 6.683557513100884151e-07 2.368512469056163877e-06 -1.173759532407217276e-06 -1.128022787852187365e-06 -1.431179647586778520e-05 -9.332321219898175518e-06 4.762583312316100379e-06 1.052201972943008194e-05 6.001639670962580279e-07 1.758735118727339472e-06 1.591617302385621674e-05 1.115522828082185874e-05 -5.437802880251581616e-06 -1.538286575096606414e-05 -2.102399752613811246e-05 -2.314280382586091450e-05 3.692341537283033523e-06 -1.280137885974603446e-06 -2.277725819730496118e-07 2.217167232176627144e-05 3.035467885925195223e-05 -7.449178735941684876e-06 1.082083665856894653e-05 3.059270891906039856e-05 5.255371854198712361e-05 6.830592795574247359e-06 1.792320117274442189e-05 -1.277489768377862787e-05 3.947307866136290819e-07 6.069621995678353682e-06 -1.060804097723870130e-06 -1.869094332558802678e-06 -1.580316667472695562e-05 -2.839945189144266262e-06 -2.765685809714693501e-05 -2.627781839276710143e-07 -5.040332844392795406e-06 -1.061065383803472364e-06 7.671615308119422754e-06 -2.972148688621370983e-06 1.717040911872507312e-05 -1.214029079638908512e-05 -1.906375525327803572e-05 -1.777170346244267180e-05 -7.767535890284235587e-06 6.774990980694294518e-06 2.396724900359612975e-05 -1.470726867774435982e-06 -1.743936309902751621e-05 2.033397696399140126e-06 3.760216394390356807e-05 2.505068913153485916e-06 1.050697375713032951e-05 2.557473993775843038e-05 1.883717791309511043e-05 2.956961925878023165e-05 4.355566877116499514e-06 9.014340153358763025e-07 1.211832760947596324e-05 -3.901754303222325714e-07 -1.465850055167730948e-06 -5.608489231092643560e-06 -9.860823302905573649e-06 -3.473146862615507623e-05 4.919494634643301925e-06 -9.132575330484872685e-06 -5.175577636725347332e-05 -6.850151370447689250e-05 nan -1.875161830410086518e-05 nan nan nan nan nan nan nan nan nan nan nan nan nan nan nan nan
8.246091437721711546e-07 -7.179283428582772481e-07 2.716902263803385802e-06 1.590208930018219076e-06 3.664997422601109452e-06 2.490895095871539138e-06 2.567496034471713702e-06 2.488303395204773534e-05 -2.082049594462397240e-06 3.934528318902028045e-06 4.498335119284751415e-07 -3.291715893468407971e-07 -3.399920233720188776e-07 -8.203192695412835123e-08 3.235198559896330608e-06 -4.743240557392967823e-07 6.978571406892635737e-06 7.902499033495913731e-08 4.130479536565081067e-06 -2.016897323416249441e-05 9.984020798042868224e-06 1.978303032226118497e-05 -1.231613274285158415e-05 2.686982781759865177e-07 -8.802487742910975469e-07 8.970422560492256805e-06 5.606164249939895726e-06 -2.483223616654727490e-05 1.106544810000678173e-05 7.628001666569181121e-06 1.930672308043317352e-05 1.100233124966292341e-05 1.476936436486447791e-05 1.258575778677386267e-05 3.938965791512779853e-05 -2.566985417441344489e-06 -2.393280469131334626e-05 -6.180871392483856524e-06 6.385164325424125015e-05 3.641462484654080174e-05 3.053383202195086204e-05 -1.370083335786353861e-06 -1.417197851785570223e-05 1.571911233418318447e-05 4.650781326204249956e-06 1.770773185726150505e-05 -4.569835153035962263e-06 -1.092251722244384615e-05 1.490654821486165709e-05 1.064642320486953791e-05 -8.739255903613362696e-08 2.056980057137264837e-05 1.169373284887239491e-05 1.482708363228967067e-05 1.854184875363873929e-05 -2.594975461395777883e-05 -5.281808289899734025e-05 -1.209628248332749153e-05 1.632297851391612174e-05 1.007851802851645453e-05 -3.998297412161468199e-05 -5.690107755293830036e-06 -2.464818629701382053e-06 1.497401576641829783e-05 5.939087281238911430e-05 1.147821635377496737e-05 -1.599158746605260030e-05 2.045687491947444680e-05 -4.284152312832795396e-05 1.656171126695909559e-06 -3.366969498743275531e-05 2.196854898437384016e-05 -1.467464140589742995e-05 -6.770686850532951624e-07 8.412322788033620418e-05 -7.958782894533213094e-05 -3.415990061864474116e-05 -5.239356712829492616e-05 -3.034740619499645759e-05 5.771461552910363572e-05 -6.494479537923812274e-06 3.366766302670129234e-05 nan 5.418276586166153485e-05 nan nan nan nan nan nan nan nan nan nan nan nan nan nan nan nan
1.733013999058713392e-07 1.857134289181998530e-06 -1.078559843759317025e-06 2.821226173560302295e-06 6.559102469061203186e-07 2.522323982131650879e-06 -3.913017236406990763e-06 -2.082049594462397240e-06 3.570122455398761001e-05 2.673565187479703705e-06 4.215869425743516306e-06 4.817512342523894241e-06 4.502896777266489452e-06 -7.106163645248859955e-06 -2.844847515615701843e-06 9.264291850307789165e-06 1.071534572508464346e-05 6.004355090985305984e-06 2.421017560166521796e-05 4.126465427019958061e-06 1.965818859495826109e-05 1.507116296919899985e-05 1.310104063059149900e-05 2.983432600158108635e-06 7.014244132408585091e-06 1.638594158141609399e-05 1.973083249606636183e-05 -6.373060101053018355e-06 -1.371149836666414597e-05 2.656399048573119379e-05 1.380713278878947520e-06 4.113154944673088693e-05 2.178914044059466419e-05 3.418671480326368603e-05 -2.604122210195357893e-05 -7.859747691339891235e-06 -1.162470641970480717e-05 -1.437607404899890783e-05 -4.991241248265963391e-05 1.693071103637855106e-05 1.673272781427163097e-05 3.031836923463987590e-05 2.874598755120767637e-05 -1.325615870388040185e-05 -5.332691862254249764e-06 1.489519917393399739e-05 -1.080470728734626023e-05 -3.636877039649089075e-06 6.331099020228664676e-06 -1.262738481132848072e-05 7.833034421212107677e-06 -1.194050890549567847e-05 5.015880361133793862e-06 -1.526220452529938672e-05 -3.040404033348322242e-05 -5.068562566560379213e-05 8.109761506315217981e-06 2.310964760899204891e-05 -3.698760044651761852e-07 -5.878151991740653146e-06 -2.798113233572954497e-05 -3.027888904404243759e-06 5.872132850806030215e-06 3.539326297549254252e-05 -2.362794990827647045e-05 2.141853736421955561e-05 -2.898100607898629897e-05 -1.769343972884404037e-05 1.254077460748186383e-04 -1.719814718143960434e-04 -2.827670591015238915e-05 -1.993710957239585034e-05 -6.810947844091956734e-05 -6.088245517219354012e-05 -6.387708667353572778e-06 -1.369196162315222089e-05 -5.186167741130405653e-05 -3.596680250805885386e-05 2.718356398845211855e-05 4.609705500706202513e-05 4.067652959646034239e-05 5.952154665514751463e-05 nan 3.344714314932038010e-05 nan nan nan nan nan nan nan nan nan nan nan nan nan nan nan nan
1.353179240477713182e-07 -1.433381524824437295e-06 1.348192246375902950e-06 -2.621792392767799760e-06 -1.066076845695077584e-06 7.148086785698587918e-06 -4.901765626802746518e-06 3.934528318902028045e-06 2.673565187479703705e-06 3.918187163978230711e-05 8.360848650887566584e-06 8.096485074904109593e-06 1.894952369487883118e-06 -6.979314393232443251e-07 4.686893729545773381e-06 -6.409147992006341520e-06 6.097684480269143346e-07 -2.123405981893086829e-06 3.104953791948004470e-06 1.593029031921291603e-05 9.324042292824394828e-06 -1.347770512159112056e-05 -9.948204265093931305e-06 8.404988468600903899e-06 1.090108302319320530e-05 -1.289147356082215047e-06 1.031306264104260565e-05 6.947267852806022386e-06 1.123545979567647629e-05 2.866265809617493058e-05 1.710285233045269660e-05 2.646305478966797119e-05 -3.015613368552555441e-05 -9.570765399841940873e-06 -7.597302615427217439e-05 -2.972688497600262545e-05 -2.596147489884934170e-05 -3.207653388772554223e-05 -5.937356064553146029e-05 2.052013236585244701e-05 2.922892033156864367e-05 4.755632631168154315e-05 -1.331084542810651581e-05 -4.936708104619023642e-05 -2.109096006000574682e-06 1.277535744067331273e-05 2.766773694481830794e-05 1.595313902698905972e-07 2.127801276189700307e-05 1.380023645967648523e-05 -1.675083521040997181e-05 -6.712664420783315122e-06 1.412581282314851279e-05 1.419333188540096301e-05 -5.013688077064127138e-05 -1.355358642723602925e-05 -1.186193035837035425e-06 -2.843292979150855126e-05 1.922264677337064947e-05 1.230036676482509494e-05 -3.787442032210411823e-05 -3.718002040213666526e-05 -6.230994736349334704e-05 -3.288813709917146007e-05 -7.780395253411241815e-06 -3.191670525801670427e-05 -2.495859869343180598e-05 1.384313113856050304e-06 4.093371267236040506e-05 -5.168222512068860824e-05 -3.971744939003088372e-05 -2.008473429585152281e-05 -1.608383621263809589e-05 8.648432991216255766e-07 -3.018522806317080939e-05 -6.445959306797323305e-06 -1.261388178545310412e-05 9.655485369303337640e-05 1.719175195481348480e-05 1.454435095544033781e-05 2.086321239781918459e-05 1.302209043466693108e-04 nan -4.416718010840038806e-05 nan nan nan nan nan nan nan nan nan nan nan nan nan nan nan nan
-1.992124855303699438e-06 2.032498722080803758e-07 1.975030746829632856e-06 2.196321683170358687e-06 -2.463779764394668114e-06 -5.570989082887328737e-07 -2.455376056302171587e-06 4.498335119284751415e-07 4.215869425743516306e-06 8.360848650887566584e-06 3.269294413161737362e-05 9.572191062104520049e-06 6.728474498345273144e-06 3.430137270513034600e-06 8.694564059058031824e-06 1.045451808382998395e-05 1.674866477660533841e-05 1.190838207003973491e-05 7.791061568075372554e-06 1.609963871718275046e-05 3.089681197114708798e-05 6.982342490327125626e-06 1.944542420556930675e-05 3.533923175544648596e-07 -9.162196766902420055e-06 -1.095547381668020077e-05 1.869858760960413550e-05 2.525110452526898945e-06 -1.642278147309008253e-05 -7.675579758750483356e-06 1.232674424410750632e-05 -5.305701635287156006e-06 2.393258936484095480e-05 1.073591712514999531e-05 4.056455441997717224e-06 -8.942883661223404395e-06 5.771222607071586420e-05 7.266641539970803131e-06 -8.568220575691657466e-05 5.302495444000624223e-05 7.805639265039194638e-06 -1.741795868617181575e-05 1.898459603259664016e-05 -1.438173634922107086e-05 -2.212728410137058763e-06 1.985602855958949181e-05 1.039754512956089388e-05 -1.307465934939141580e-05 -1.477714488841191099e-05 -5.144966253415146259e-06 -5.957705888831730360e-06 5.151898778733310492e-06 1.421079264518980808e-05 -3.289820661733192271e-05 -2.649851783289976239e-05 1.957338983467025108e-06 3.292371536830609931e-05 6.609413373436599641e-06 1.561661245274394011e-05 4.032373100096626095e-05 -4.197185413844871219e-05 -5.406511637350136230e-05 -2.641823190142748753e-05 1.024792326610786888e-05 -3.257935960096777170e-05 1.506929963306972237e-06 -6.091537275947456160e-05 -1.347843222095322883e-05 5.322412208716546811e-05 -1.361330595399459775e-04 2.831289009798518019e-06 -1.911977982139625033e-05 3.876408098054985867e-05 -8.191800504358419656e-06 -8.210955505756823607e-05 3.314487859600149410e-06 -9.595418036309616224e-06 -5.740045255285858332e-05 3.342327580221097041e-06 -4.153617299572559222e-06 1.608113656052598684e-05 5.548569012106602174e-05 nan 1.147533352097584601e-04 nan nan nan nan nan nan nan nan nan nan nan nan nan nan nan nan
-8.247048042481338309e-07 -4.067845748855991672e-07 3.604112509130546299e-06 2.079234879792915941e-06 4.642343056323874819e-06 -1.411552588106337285e-06 -1.096455850062156912e-06 -3.291715893468407971e-07 4.817512342523894241e-06 8.096485074904109593e-06 9.572191062104520049e-06 4.503215499519313799e-05 3.791629959395886029e-06 7.535311091779633141e-08 5.926134045813412982e-06 1.806828957512685447e-05 6.729420564973559292e-06 3.711190096958189044e-05 2.224083175819639978e-05 7.799538906580433484e-06 1.813427229997146013e-05 2.979637169117196186e-06 2.126785736284946587e-05 2.302134623313725198e-06 -2.733249413955210842e-06 -6.178576715038245169e-06 4.031919603468030124e-06 -9.345037144116063370e-06 4.021165955916623472e-06 -1.132151717212477216e-05 5.414881348230496430e-06 -2.399451611462798874e-05 1.050427665257503623e-05 4.591570900059188914e-05 1.985381181157557513e-05 4.281066389509209443e-06 -1.128738042007037599e-05 -1.585611919207738647e-05 1.951758777319013150e-05 -6.820743328124107504e-06 -2.022422073760494373e-05 3.897402458945339136e-06 -1.782628938615402208e-05 -2.177447356847233469e-05 -5.579061783947682954e-06 -1.917989706034709365e-05 6.292177429718716612e-06 -2.694624407651483746e-05 -9.555187848464113468e-06 2.290743645704009161e-05 -9.846517474478164655e-06 -9.725972057310652188e-06 1.566867041096963465e-05 -1.373871870413898915e-05 -1.783995664985009926e-05 -1.551251994632628584e-05 2.527944908444848819e-05 -1.301025519992197290e-05 -4.379525880006207930e-06 -3.866719778971890994e-05 -2.514469833639754718e-05 -2.335723130274823927e-05 -5.099001251596053567e-05 -4.189417533282369484e-05 -5.694890544506090558e-05 1.336899483047349768e-05 -6.140152233798679159e-05 1.394197888452314506e-05 1.433814511606350435e-05 1.059673179194392929e-04 1.533692678600747934e-05 -2.900607587161061613e-05 -1.975502139927713899e-06 -3.970287249565728621e-05 -4.139879846594526398e-05 1.670891053510888610e-05 -9.715603061014097105e-05 5.490787853842647070e-05 6.626514038153652087e-06 3.396899755488927593e-05 5.977894460305738358e-05 1.438839713619312431e-05 nan 1.552167233834792696e-04 nan nan nan nan nan nan nan nan nan nan nan nan nan nan nan nan
-1.574027725006822400e-06 1.825230080124348002e-06 -1.242726931581720784e-06 -5.758735214015057352e-07 -2.169591111991012449e-06 -2.711271429929472758e-06 -2.072011475491148283e-06 -3.399920233720188776e-07 4.502896777266489452e-06 1.894952369487883118e-06 6.728474498345273144e-06 3.791629959395886029e-06 5.862509194119116683e-05 2.336955907548531825e-06 8.219807061253241406e-06 4.669419572903004019e-06 1.722344768394017226e-05 6.185216554415456320e-06 4.124663274012959659e-05 -8.273693308503345890e-06 5.394734107031783245e-05 -8.647294213003523935e-06 8.915597523000331614e-05 -1.173040855155658001e-05 4.417905371644869988e-07 3.590238880482138985e-05 2.356692618386856987e-05 1.421106866177702050e-05 1.197751481910345381e-05 -3.413112943086271098e-05 2.086204292762249709e-05 1.565434233737023973e-05 -6.508902369065222289e-05 -2.389671130624783292e-05 5.042547341429784110e-05 1.956206616646478705e-05 2.861457832951632002e-05 2.397561677473460088e-05 -3.914910154328109498e-05 1.870570041072239619e-05 -4.950803647951187644e-05 6.218792287324008720e-05 -2.500023949190618565e-06 -1.263422355053740362e-05 -6.139640725473442158e-06 3.091625947003051741e-05 3.058265225742627208e-05 2.005563855894111649e-05 -4.244622248416474462e-05 7.940983235066626059e-06 1.988141132238409653e-05 -3.754785754791212780e-05 3.110386327687289692e-06 -2.205974752538070343e-05 -2.268707500502518894e-05 7.590217754612642081e-05 2.559662539821745271e-05 -1.377121975327457541e-05 3.351011172589062005e-05 2.658607867698830070e-05 3.442246912142026178e-05 -1.875882968576561940e-05 -9.438384850418281660e-05 -5.717332028001454371e-06 -3.521902412130836063e-05 -9.542885819018079974e-06 -3.757819120583548515e-05 3.920690237824460677e-05 1.083954081855116987e-04 -2.254658718524497972e-04 2.235225872475171468e-05 2.011320070384936111e-06 -7.167340717332566492e-06 6.407671972341118683e-05 -2.077796845236083123e-05 9.466275319359420055e-05 -2.759856934498150545e-05 3.002625908878128335e-04 -3.634566283607668048e-05 -2.480798518874921627e-05 1.621215995214687124e-05 -2.240963704470102293e-05 nan -6.092424100686895681e-05 nan nan nan nan nan nan nan nan nan nan nan nan nan nan nan nan
-2.211948176933132793e-06 -1.407258047441920408e-06 -5.126850174265850061e-07 -2.333930840834421333e-06 2.185837900433916923e-06 -1.260146238397638376e-06 1.670185797773913413e-06 -8.203192695412835123e-08 -7.106163645248859955e-06 -6.979314393232443251e-07 3.430137270513034600e-06 7.535311091779633141e-08 2.336955907548531825e-06 8.154144219525336600e-05 -6.885860755288267810e-06 -3.343401453018079195e-06 2.355208343654107855e-06 -2.262322825075613389e-06 2.424359586555727906e-05 -7.885239305387048395e-06 3.192271124627508208e-05 -1.640610685622532328e-05 1.923540642751828613e-05 -3.968802720372498042e-05 -2.520277551787038685e-06 1.198042809326548791e-05 -6.636515996142495751e-05 -4.956792756864084168e-05 9.421728932161281279e-06 -9.383759915521641868e-07 3.814309473309165509e-05 -1.804272684358539138e-05 -4.428921421467173306e-05 -4.211286863141453776e-05 6.477820655959219361e-05 1.523542308256319935e-05 6.203224653356811491e-05 -3.033322302905732545e-05 1.939599666887973400e-05 -5.621479311778868293e-05 3.653836694095292456e-06 2.113673915853976366e-05 4.120199702341843627e-05 1.560822447458777603e-05 -2.814121280942589431e-05 -2.895644650644354732e-06 4.187304035372949669e-05 3.370226065848820971e-06 3.089187363591033169e-05 -4.274685119917791536e-05 5.816417814644288356e-05 4.498322970022334336e-07 -7.242533608782043128e-06 6.014456360951624765e-05 4.075921019010449176e-05 4.003247153852447336e-05 -2.336599991150066231e-05 6.768719194068962933e-06 -4.717199960705678249e-05 2.863401911149714160e-05 -3.346963821523915545e-05 4.774098803932773599e-05 -2.366396256989863249e-05 1.326443487994010705e-05 4.203687072772585814e-05 5.433036333115762352e-05 7.301790836843599414e-05 -1.071404607109048719e-04 -2.359994698783398045e-05 -1.016632888400360011e-04 -2.008179996583401271e-05 5.887529995649278479e-05 8.658431215836787640e-05 5.901575202392231822e-05 4.052352213396511756e-05 -3.418788293580730849e-05 2.196099996643281543e-04 -1.940691279713579586e-04 8.240959858194069044e-06 2.139071546050332878e-05 -1.328476158297504321e-04 -9.775844118437975469e-05 nan -1.424828182785054832e-04 nan nan nan nan nan nan nan nan nan nan nan nan nan nan nan nan
-1.916879447493846362e-06 9.745498723581444299e-09 8.511026747014730384e-07 -5.708315584417167789e-06 -9.747263097778837170e-07 -5.854324110627937296e-06 6.683557513100884151e-07 3.235198559896330608e-06 -2.844847515615701843e-06 4.686893729545773381e-06 8.694564059058031824e-06 5.926134045813412982e-06 8.219807061253241406e-06 -6.885860755288267810e-06 1.039859665242598658e-04 1.255880431099666778e-05 2.257298167224507302e-05 1.697416323591976320e-05 7.601067049265892283e-06 9.834235536346863334e-06 -1.656086010694395727e-05 2.331672902639341709e-05 4.047829379269328584e-05 -4.436132845699939623e-05 -4.082459312218069737e-05 -3.334596311386449883e-05 -2.794399027195193332e-05 1.890536912481492838e-05 1.282244228218189705e-05 1.176145659114795351e-05 4.417038156167417569e-05 6.137243280735371727e-06 3.445307559410144393e-05 2.490849523135769164e-05 -6.277523366269281820e-06 -2.861489117968386869e-05 -2.309031436640485342e-05 4.168282985558255166e-05 1.114399569557824536e-05 -2.019638673845293927e-05 -1.690119190755625250e-06 1.156398731747911677e-06 -1.748522810828621307e-05 -3.043778154619975997e-05 9.322902402743079301e-06 2.496051393228570703e-05 -4.268459237918285660e-05 7.343682662304491920e-06 -9.658504958549468078e-06 2.674259414018753130e-05 -2.580513588583101058e-05 -4.680285142177132479e-07 4.299336579099385011e-07 -1.479086132455787624e-05 6.031494641269379049e-07 4.654794575880675958e-05 -1.489917243364322990e-05 2.692916478218018928e-05 6.856230527913157575e-05 -2.254923428097884046e-05 -1.178000164061829752e-04 5.180495935473673834e-05 -5.783903136736652181e-05 -4.937884318911970233e-05 2.769488527999776269e-05 -4.827320934441164673e-06 -2.776289380559816117e-05 3.237042091978901064e-05 -1.007348656517751166e-04 1.675414304185981432e-04 3.730787377233829734e-05 1.005968284465510082e-04 -1.569152210809458793e-04 -5.290160613428494926e-05 1.060948056631788079e-04 -7.477334520447628872e-05 1.178069402031621277e-04 -3.165504221209039016e-04 -2.944714843572997143e-06 -5.308623688632471710e-05 -2.650962202648024006e-05 -9.282432797498518402e-06 nan 2.082414992788933624e-04 nan nan nan nan nan nan nan nan nan nan nan nan nan nan nan nan
-1.567869914700427613e-06 1.845338083623340135e-06 1.157865304071529784e-05 -8.227561134788609326e-06 1.239463115126777889e-07 -1.178179542567492287e-05 2.368512469056163877e-06 -4.743240557392967823e-07 9.264291850307789165e-06 -6.409147992006341520e-06 1.045451808382998395e-05 1.806828957512685447e-05 4.669419572903004019e-06 -3.343401453018079195e-06 1.255880431099666778e-05 1.608018057978321267e-04 5.153283576789646628e-05 5.899802938518451862e-05 7.098472221383209709e-05 8.003148110229093090e-07 1.028427390941240668e-04 1.427946907319195666e-04 5.986242714370537216e-05 3.465637150275413894e-05 1.007264611602414340e-04 1.221106080109461776e-04 -5.502777976755276206e-06 -5.735506830572309304e-05 -6.881310635479893011e-05 2.086031047344830846e-05 -9.550487218011847752e-06 -6.575265735137953663e-05 2.608554824488986025e-05 -1.761992091600926497e-06 4.813730120911267860e-06 -3.189268739199693249e-05 -4.773694493529043355e-05 7.430681719868596850e-06 -3.086202890576811617e-05 -6.901428921050457128e-05 -7.069773876492163741e-05 7.121811609564921569e-05 1.904356389258159905e-05 -3.466267747074872459e-05 5.601404365829920081e-05 3.326254115595074696e-05 -3.013677673288278272e-05 -1.041472267309810808e-04 6.141515027783643508e-06 -1.595149159255879830e-05 -6.950430353343303844e-05 -9.013336965413421941e-05 -3.384411556383130768e-05 3.980988384195339227e-05 -3.660198564840508166e-05 1.654870706514648858e-05 3.566981873870349583e-05 8.498873282363236020e-06 -1.023600530985238409e-05 -2.514890165185260987e-06 -4.375523180771721734e-05 2.772949714122173535e-05 -2.633003673460337541e-06 6.406305176505745021e-05 -3.670209251732963509e-05 -1.656780886316467217e-05 3.081563572382388637e-05 -4.430350936291650927e-05 4.918032835973411071e-05 7.508318956759399250e-06 -5.304820868936597692e-05 5.627051435285676935e-05 -3.375151965241475650e-05 -6.177653670634643864e-05 -2.588136639900884880e-05 -1.082979390651585841e-04 -1.034099370301388742e-05 -2.562221760852301787e-04 2.243023866577283112e-05 -2.637476514192648713e-05 2.813194277956789009e-05 -8.950023869096874422e-05 nan 2.691672891623556334e-04 nan nan nan nan nan nan nan nan nan nan nan nan nan nan nan nan
6.658939689808635011e-07 -5.081310659065990403e-07 1.438829409947975844e-05 6.909007993446399840e-06 5.294213752668126859e-06 2.999730921986019289e-06 -1.173759532407217276e-06 6.978571406892635737e-06 1.071534572508464346e-05 6.097684480269143346e-07 1.674866477660533841e-05 6.729420564973559292e-06 1.722344768394017226e-05 2.355208343654107855e-06 2.257298167224507302e-05 5.153283576789646628e-05 2.327510047968750094e-04 4.646298888051676208e-05 6.941657134048895847e-05 8.763733663092445811e-05 1.647434005644000271e-04 1.262533483246463606e-04 2.014086416734812025e-04 5.496217820234205296e-06 5.477503944983992310e-05 1.306951602422997164e-04 -1.090336443781246822e-04 -1.479448697263022739e-05 8.162737534069309272e-05 4.787857294388394403e-05 -7.478300640164763655e-05 3.359157076914308729e-05 9.910606402706991045e-05 1.157145823072449309e-05 -9.535431885578549323e-05 1.886761394387972743e-05 -9.624018774977053747e-05 2.769381720679263038e-05 -1.980793456897333546e-05 -3.878876247545058414e-05 -1.608055216712214687e-05 5.616376739778821607e-05 -2.458817455257193478e-06 -3.931543346595124878e-05 -5.724960132329785544e-06 6.082928014417573695e-05 1.862447792713639752e-06 4.306590190962415537e-05 1.674018798933639933e-06 3.239774482572995703e-05 -6.997424836353873770e-05 2.845190562235416282e-05 -1.519616612921577459e-05 -4.771967878349467113e-05 2.377066726814855641e-05 4.852226268671683463e-05 3.033079438093431941e-05 -1.076132796151066673e-05 1.180054608056483143e-05 4.841898665540111463e-05 -6.968586536301480143e-05 -4.170927966326137002e-05 1.769015359580778987e-05 1.607971944537321679e-05 6.313806521240275138e-06 2.792903955321532380e-05 -1.201652832989116859e-04 -1.326333862377496848e-04 1.254341774571300779e-04 -2.320070728845933562e-04 -1.662712961700017799e-04 -5.579669416550973393e-05 -8.452640105676399469e-05 -8.252584477165059509e-06 5.283000160151711706e-05 -1.999370953778981455e-04 1.264563038228431930e-05 -4.347514333979406084e-05 6.818749908741697269e-05 1.542045406824263105e-04 -4.639404116324419655e-05 2.000507130517597382e-04 nan 8.977919040300217783e-06 nan nan nan nan nan nan nan nan nan nan nan nan nan nan nan nan
2.335650243418946693e-06 1.313865099681090677e-06 8.520726221223852746e-06 -1.576690034256035078e-05 6.308553642585000992e-06 -2.706036916489727014e-06 -1.128022787852187365e-06 7.902499033495913731e-08 6.004355090985305984e-06 -2.123405981893086829e-06 1.190838207003973491e-05 3.711190096958189044e-05 6.185216554415456320e-06 -2.262322825075613389e-06 1.697416323591976320e-05 5.899802938518451862e-05 4.646298888051676208e-05 4.227635218242057442e-04 4.579073398794493378e-05 -1.994952884386307817e-05 1.693961153339590875e-04 3.156752640341635809e-05 2.197062534720787619e-04 8.514744595315113266e-05 -1.494145536170705111e-04 1.205428640865310722e-04 -2.413258325496788127e-05 1.343635875952526950e-05 5.146916984131462137e-05 2.875549900023363878e-05 -8.046130028454908539e-05 -7.937798054841813252e-05 -5.270791172469000275e-05 8.742766908818637385e-05 8.852418941596175135e-05 -4.069303466608973979e-05 3.050390873785536363e-05 -2.120413977638190456e-05 1.410552521053462668e-04 -6.585203016576203819e-05 8.618272817502957428e-05 -9.049686890488861451e-05 -5.659451657799162601e-05 -6.941291793249828766e-05 3.760360018705552406e-05 -3.882711895561431309e-05 -6.123917554914148150e-05 -1.089660395819353177e-04 -6.228208156162138665e-05 6.875833096857988892e-05 -2.026204164444905538e-05 -7.076175530329912125e-05 -1.788719536015074701e-06 -8.120575534183048429e-05 2.211611108431045777e-05 -1.954741470370586549e-05 2.618086062509589781e-04 -2.050514570337938524e-04 -2.079425156040513390e-04 2.042767394388090592e-05 -1.032620820563176208e-04 -1.455811275102615327e-04 -8.228104676878163085e-05 -8.913688090499588849e-05 -6.229784509329192575e-05 -5.959311230114886605e-05 1.349808086756316787e-04 2.294164181321031607e-04 -2.082166854757299161e-04 4.802410041336527421e-04 -1.047410949836026572e-05 5.438429847865743240e-05 1.109010501896056259e-05 -5.848984598805907444e-05 -9.749702820449098048e-05 -3.246056616493964045e-04 1.257177344246580806e-06 -1.163032058408823582e-04 -7.119264918709956348e-05 -1.548541125585588328e-04 -1.532899541790540222e-04 1.696405927581888827e-05 nan 8.302114679460369240e-04 nan nan nan nan nan nan nan nan nan nan nan nan nan nan nan nan
