1.078142235126949803e-05 7.603337708954682205e-08 1.432362574914424429e-05 4.159467256578576616e-07 -2.480775462493265044e-07 8.400868461490631288e-06 4.632317876819513842e-07 2.705167257239286886e-06 -2.162667665941721042e-06 -2.191090790385950055e-06 5.460524634953444278e-07 -4.488550744638343240e-07 2.008566841218447647e-07 1.755214023282137027e-06 -1.421845840182122394e-06 4.426778494057435750e-07 5.329149323956830252e-06 -1.594538565576327748e-06 -3.558948079826122194e-06 -4.143014546700538611e-06 -2.718540318390263897e-06 -8.606706738698668131e-06 9.891197372420992791e-06 4.090920712970832572e-06 -2.236217399443315006e-06 -1.260212199831279103e-05 -6.378670888408656843e-06 2.491837659232555197e-05 6.142139875772128914e-06 -2.102057179060655385e-05 -2.769214379951601979e-06 -1.670189886369068499e-05 -2.449691258743458048e-06 -2.799587172471423198e-05 8.063204431967843037e-05 -7.600135525196252074e-08 3.379645920054656508e-05 7.551305114682351680e-06 -1.293804815262847454e-05 1.124036345728559059e-05 -2.350653866052773055e-05 -4.976928883805032398e-06 -6.061608147110241049e-06 9.483084436025158331e-06 -1.322634004288912550e-05 4.934180492005870025e-06 7.210898801103514264e-06 6.247440491417869436e-06 -5.392262732261864407e-06 -2.926165394483605322e-05 -5.229584526458538600e-06 4.851569495345684568e-06 1.064305392040780606e-05 -2.344945842325745584e-05 1.614728658402814860e-05 5.701105504090498685e-06 2.552795541551431327e-06 2.896508951226355679e-07 -3.098363919785395310e-05 -3.404057388689116099e-07 -2.603002654866358676e-05 9.517489263461834180e-06 1.016035178917543967e-05 -1.668822115444183740e-06 -6.038597737493845439e-06 -3.605359551671565147e-06 1.436121101000300078e-05 1.844592595303267375e-05 -6.654160867467060946e-06 -2.393012937174727930e-05 6.151089869865170311e-06 1.908986635575700435e-05 1.003084459275356089e-05 8.796881674990970757e-06 -2.291097632052569932e-05 -2.106165070068557129e-05 -1.909965946441561597e-05 4.955497242334270901e-05 -5.072899645663396843e-05 -4.457323112394944169e-05 1.637090791154004771e-05 -1.013427769731105446e-04 nan 5.304299632231725554e-05 nan nan nan nan nan nan nan nan nan nan nan nan nan nan nan nan
7.603337708954682205e-08 1.292608375381995800e-05 -4.951989007416762887e-06 2.295325593960759245e-06 -6.343869220061949969e-07 -1.025012862481752739e-06 8.296227539134337865e-07 1.205063983314207204e-07 1.746744168029381099e-06 5.184350709990006493e-07 2.493527365920188733e-07 -2.602333861747119018e-06 -3.436112378250382330e-07 -4.933329335748351128e-06 2.506875884486763005e-06 1.042453305046985439e-06 -5.679622455265900203e-06 -5.194536827462423089e-06 4.311783113784265262e-06 7.430466126078536252e-07 5.860286149659766749e-06 6.980458725658708307e-06 5.341284400759591997e-07 5.381460390566149781e-06 7.503618248600563040e-06 3.249076928132383733e-06 -1.066552295024198569e-05 -5.675054800445520305e-06 8.747065586554182281e-06 -1.867027851437852079e-05 -1.265539705991022798e-05 4.342452509067566044e-06 2.563239359160482869e-05 -1.598401344339490406e-05 -6.174478910742322766e-05 7.679606468476008252e-06 -9.663838887899869006e-06 1.556439336916585285e-05 1.653566126141056439e-05 -2.235706823723052899e-05 -6.536242304947195787e-06 -1.187685577948645224e-05 -1.743683298264190535e-06 6.942913519985511893e-07 -4.252636949378410956e-06 1.456582795609612609e-05 -1.010721093167761485e-05 -3.792912208050830828e-06 1.829582563921827590e-05 1.570907147385814881e-06 2.069014537153690439e-06 -1.288334094215421212e-05 3.002877205100489745e-06 -1.080707304083319823e-05 9.937750467989397963e-06 -2.928942321981476686e-06 1.913884005370762484e-05 -1.209358274323846636e-05 -3.945190804721584186e-05 -6.679374889887904637e-06 1.033492230533582130e-05 -1.709596300645623666e-05 -1.203330028351584806e-05 -1.277641304690479241e-05 1.235536365415191619e-05 -3.430420499362438604e-05 -1.150658586038763619e-05 5.377410410195515523e-05 -4.691766163308887388e-06 -3.355967920697314351e-05 -1.497896465368411936e-05 9.349353318840465977e-06 3.527403816898615738e-06 4.667071525031367353e-05 -2.137009983564619307e-05 -2.989791808924332668e-05 -1.868520743918708908e-05 2.419541751677579922e-05 -4.229040721627731005e-05 -2.344097012709738789e-05 -4.810028854356543485e-05 -2.319704504224390961e-05 nan 2.889216163558412575e-05 nan nan nan nan nan nan nan nan nan nan nan nan nan nan nan nan
1.432362574914424429e-05 -4.951989007416762887e-06 1.207455931011920707e-04 8.020086415613308649e-06 -5.158162285607128121e-06 5.931238019389464921e-06 1.545806214870150229e-05 2.090017494640801046e-05 -1.673849055868001305e-05 -5.231171515608395920e-06 -1.180063783488197608e-07 2.168990508216134206e-07 1.211638775434643392e-05 -1.504767860672891722e-05 -8.700982032509670989e-06 -1.995756800602881047e-05 5.826001685954084222e-06 3.267556183865487254e-05 -3.910327620478010478e-05 -2.729881124131486910e-05 2.831584109518518820e-05 -1.062653158101964262e-06 7.951050576384767531e-06 -2.534464374898029184e-06 1.040618652759641489e-05 1.789749933688873226e-06 7.064810155683357585e-06 -2.473603405494706084e-06 -4.847199105147669583e-06 -4.111949221432774484e-05 -7.432268636404590497e-06 -2.851970898559149726e-05 -4.145868728320111667e-05 1.898207251226653177e-05 7.093816147413496524e-04 4.477281181459015838e-05 1.406840007774014419e-04 1.599841312042991258e-05 -1.046473407490910556e-04 -3.263134818384166912e-05 -1.982408263872388238e-05 2.081536908062731035e-05 -1.250035568729570140e-05 1.205771543074692048e-05 -3.431225944114610371e-05 -3.650505129130003445e-05 2.836906163023804838e-05 -2.734175265079510694e-05 -1.097602965523433265e-06 -1.796868450588828559e-05 7.986684972512061303e-05 -4.740712088749074097e-05 -1.836040770783356905e-05 -8.794572556338135146e-06 -1.969834150501483582e-05 8.886469199135410218e-06 3.323236845711693873e-05 -4.700399139607709334e-05 -2.332581724223702270e-05 4.823290465390209783e-05 9.151284996366828949e-06 1.231186076453384746e-04 -3.829009596812511709e-05 1.872448860689112821e-05 2.576201387677380604e-05 -3.070514341351399991e-05 -2.081164101015384939e-05 -7.714165052810780746e-05 -1.393672728314106771e-06 1.345029838067963849e-04 1.782057758709511779e-05 5.706220002590210890e-06 5.272250666842562695e-05 5.926277562511748719e-05 3.081715661477575413e-05 2.820328401285274264e-06 -7.259573952684268239e-05 4.094281959567292069e-06 -6.979368762069818825e-05 -4.082518583933651013e-05 -6.389127130050955281e-05 1.331145883567161434e-05 nan 8.218727374903186998e-05 nan nan nan nan nan nan nan nan nan nan nan nan nan nan nan nan
4.159467256578576616e-07 2.295325593960759245e-06 8.020086415613308649e-06 3.650239459959304261e-05 1.966259152116340584e-06 6.090205234744405457e-06 1.834693399094618101e-06 2.477848829679288035e-06 -2.150028911308648334e-06 -2.946305505313754579e-06 4.151356884122105362e-06 2.901375848567098647e-06 -6.154478365555143364e-07 -6.990290367263549335e-06 2.385530597467957112e-06 3.326212355114608266e-06 3.495623878849081122e-06 -6.639936636409887784e-06 -1.909447115058271086e-05 -1.378544137737713277e-05 4.567951226628447339e-07 1.537101332770743646e-05 1.160119791372825896e-05 2.185128527235921423e-06 4.714120066242043950e-06 9.960509306399206896e-06 5.678125048840504990e-06 1.364043619309330257e-05 -7.787088319400744873e-06 -1.182386707910211162e-05 -2.011389352722242551e-05 3.264541302630525168e-05 -2.141416210550477569e-05 8.406687960636822945e-06 3.132331237484803224e-05 1.824220848563305018e-05 -8.470955670666867050e-05 -1.971514494562811497e-05 4.052274061353257432e-05 2.131457655405091038e-05 1.749714171627097671e-05 8.825394647082118136e-06 -1.273834290876122034e-06 4.180388406108470518e-06 2.909016924297416135e-06 -7.429943695755350533e-06 -2.863190052385345826e-05 8.888034079409482753e-06 -8.595322282949623713e-06 7.503248651862442836e-05 4.010310473111397772e-05 -2.023801299278087771e-05 7.265511186609382463e-06 -2.471163204022238939e-05 2.254922329906595502e-05 -2.660725190244956400e-05 1.479149928420271289e-05 1.490226290884697296e-05 -1.759590585154239723e-05 2.790358077214980210e-06 1.003467346745921086e-04 3.248400652420177821e-06 6.277666285821187895e-05 -3.514803544483818213e-05 4.982451813945658830e-05 -3.294761281271662944e-05 -8.401298101239659637e-07 1.367146968440322413e-05 -1.528386310291935483e-05 3.493320077670535379e-06 -1.594488036640804768e-05 7.164145802793483170e-06 1.990999307789864366e-05 2.104739102397318030e-05 -3.818004013027910841e-05 -5.538691823021648654e-05 1.522845293531709105e-05 3.975484050586121224e-05 -5.078648595994369409e-06 5.351638557313693627e-05 -4.122537366374458506e-05 -1.023037236601797667e-04 nan 2.519228389643662114e-05 nan nan nan nan nan nan nan nan nan nan nan nan nan nan nan nan
-2.480775462493265044e-07 -6.343869220061949969e-07 -5.158162285607128121e-06 1.966259152116340584e-06 3.119896692464694648e-05 5.182331139136722877e-06 -1.319449385428937397e-06 -9.443004720609980422e-07 -2.492563560571169163e-06 3.089219032185839565e-07 3.252329358886276150e-06 -6.843659938409396598e-07 -5.709771162716676430e-06 2.540081968172406632e-06 1.276183433549382707e-06 5.562440095951914643e-07 -5.463617488525285362e-06 -3.568610554861473140e-06 1.016729848561744081e-05 2.906909870637578302e-06 -7.740747332111119311e-06 -2.847530303811232518e-05 -1.036835285429178674e-05 2.563829059034472948e-05 -8.697645136194145666e-06 -2.799548883285301472e-06 -1.537111850213732488e-05 2.649918444576345337e-05 1.947824642307928786e-05 -3.683055910340316712e-05 -3.191180831366238226e-05 1.067467585365555863e-05 2.217395269213006585e-05 -3.206350740104269194e-05 -7.101004596231414074e-05 3.839676873972195406e-05 -6.103867811987924018e-05 -2.231918382038167884e-06 2.473522279286746045e-05 -1.621702209438009090e-07 4.820170877380147699e-06 -1.946862153954466562e-05 2.454757422318441053e-05 1.684676821918870985e-05 3.197417644108346661e-05 4.393663893791338159e-06 -2.808461108868087218e-05 -4.131394642853348209e-06 -7.047983741211820390e-06 1.601370736776568796e-05 1.207985183137552658e-05 4.572243359246929884e-06 9.911816175377506947e-06 -8.396885131852511110e-06 1.614001600103478126e-05 -1.286206456225372623e-05 -5.898428544631877947e-05 2.025306543899396637e-05 -5.494650703877480916e-06 8.028327083118207635e-06 -4.756694931238643969e-06 6.730178344430727860e-06 8.499069395918723823e-06 1.834636496503268963e-05 2.556500234321489877e-06 4.123043825232737596e-05 -6.596045826994653889e-06 1.286671392969250281e-05 -8.181617103817024730e-06 -3.709070373747944263e-06 4.398931427053159052e-05 4.451333898220539585e-05 -3.646038604388368852e-05 -1.096167138205733041e-04 -4.399777970730209953e-05 3.675911743173296254e-05 -6.296707262039565414e-06 4.251483340254287757e-06 3.738225751931012513e-05 -1.634336451406926500e-04 -3.024934667663011768e-06 2.479018013755535259e-05 nan -4.135470648831691531e-05 nan nan nan nan nan nan nan nan nan nan nan nan nan nan nan nan
8.400868461490631288e-06 -1.025012862481752739e-06 5.931238019389464921e-06 6.090205234744405457e-06 5.182331139136722877e-06 4.522991199202484419e-05 2.254759216343013473e-06 2.664457077148877590e-06 6.634745819307071105e-06 -8.267051001843016991e-07 6.519116711087088678e-06 7.149059952822781413e-07 3.213362110992515727e-07 -5.308522889259096151e-07 -1.372811466524436525e-06 1.148415135508552352e-07 2.067406878643902738e-05 -7.801170692375119489e-06 1.947996183325821438e-06 -1.539614440521824471e-05 1.855525756770774680e-07 -7.817144997760363417e-06 -9.585728220660094320e-06 -1.182033326821955360e-05 -1.202635108643433857e-05 -5.899794767445673167e-06 2.909649842499619567e-05 3.302471546818073453e-05 8.380802847303613171e-06 -2.586076059952960028e-05 -1.025744569226701145e-05 -1.236763039369702172e-06 2.882648953053701632e-06 -4.894055529015915973e-05 2.115015645100006952e-05 2.867857275075369393e-05 -3.024316740844789484e-05 4.082767102269294213e-06 -2.256337452868045944e-05 3.966219205368880316e-05 2.017694268486307590e-06 -1.611740115471143038e-05 3.306956633793855771e-06 -1.787182458577695861e-06 -4.240411654535943384e-06 1.619797882757823649e-05 -6.835745326457499364e-06 2.736127540832546291e-05 2.358616846325492988e-05 -1.526356511105698841e-05 5.447503673292978557e-06 -1.306492562689549726e-05 8.239111270577768835e-06 -3.239251368353597202e-05 4.689123605930339165e-06 -1.381151656899267665e-05 3.574692986733203853e-05 1.717055558245167735e-05 -2.634887603460255164e-05 -1.785867620247756784e-05 -1.728740579784756025e-05 4.373120898906296519e-05 1.051664546916839344e-05 1.445908837202469010e-06 2.696903504199078206e-05 -8.421165474621824523e-05 -4.734315421969069713e-06 2.525755025516593109e-05 1.303153115278875370e-05 -1.511535095752649538e-05 3.060005287045355123e-05 -6.043876833096258674e-05 -7.972747490512641815e-05 -2.114441621927063043e-05 -1.266980081877835765e-05 -3.562049381329894846e-05 -5.233820757442226998e-06 1.542170887184645723e-04 -3.070614310332932386e-05 4.447032887710926781e-05 2.472881484078469464e-05 -1.416889659071191563e-04 nan 2.910964577853839339e-05 nan nan nan nan nan nan nan nan nan nan nan nan nan nan nan nan
4.632317876819513842e-07 8.296227539134337865e-07 1.545806214870150229e-05 1.834693399094618101e-06 -1.319449385428937397e-06 2.254759216343013473e-06 4.671045704967506895e-05 4.674825942739641865e-06 -1.170967427169185719e-06 6.739609857782357211e-06 2.826477672907059910e-06 8.666950670538392965e-06 -2.056682947655035791e-06 -5.239154351561133771e-06 1.428908568913350911e-06 8.127628898633466739e-08 1.072826560541762696e-05 1.845320568190486195e-05 1.088553285631216888e-06 -3.097968210046837016e-06 1.421085807600436448e-05 2.801482046012874387e-05 2.342810329258726898e-05 2.344834552909609156e-06 2.473440262915975634e-05 1.932142472561604283e-05 2.641201627493188286e-05 1.163410545128720738e-05 2.002128682580256374e-05 -3.278917425807579742e-05 3.227345334278879243e-05 -1.651213889070454770e-06 7.034017714822020491e-06 -1.041270011594115266e-05 4.184979605457916707e-05 2.616635320457014801e-05 3.441710318711276397e-05 6.359178825579194633e-05 8.993550721246107993e-06 -6.831576157500789006e-05 -2.752910168416683771e-05 -3.777939706009827303e-05 -9.112897273883201448e-06 5.891496596873232716e-06 2.556391124940015846e-05 -1.224471803684071624e-05 5.629596839049537379e-06 -2.941649392414903195e-05 1.911242071923528759e-06 1.646638931676192838e-05 -3.109799422805707822e-05 -1.481424114000431576e-05 -2.387793707025000063e-05 6.642229992942790940e-06 -5.074943941775839686e-05 8.170398561596612865e-07 -1.678060288793257554e-05 -1.100971408219929654e-05 -1.277138946050035561e-05 3.329045261386339588e-05 -1.294618347243676661e-05 -4.776761571135569178e-05 8.347314280802627061e-06 -1.589480555859093327e-05 -1.112497679022161101e-05 -5.397708663393236344e-05 9.470648911718556345e-06 -1.968401885690798853e-05 -2.775624899985518212e-05 1.439219479330307357e-05 -6.108100461251079257e-05 1.407204465443709494e-05 -2.174903818305008312e-05 2.454467619099826989e-06 -3.824316820227337786e-05 -1.550750545961235088e-04 -1.007580890106214442e-05 2.356619134373792857e-06 2.393551373538270913e-05 3.651881503230874475e-05 4.688872611637932673e-05 1.230647022253037706e-04 nan -2.515590770233194393e-05 nan nan nan nan nan nan nan nan nan nan nan nan nan nan nan nan
2.705167257239286886e-06 1.205063983314207204e-07 2.090017494640801046e-05 2.477848829679288035e-06 -9.443004720609980422e-07 2.664457077148877590e-06 4.674825942739641865e-06 4.397561014114351939e-05 -2.001712390902568328e-06 -2.561052687181972674e-06 -2.222960838622954792e-06 2.705666473182133708e-06 3.019019162975549519e-06 -6.931187501325432702e-06 -2.626630818964333205e-06 -5.284594601182314930e-06 -2.638931712352317951e-06 6.273637063493654018e-06 -5.457838442258500030e-06 2.512754386038136202e-06 -6.868737107513806337e-08 2.480937434666926605e-05 1.443705997299467193e-05 -1.497302084727475670e-05 -6.459916886789130018e-06 -1.697112882472621045e-06 1.759538721495915609e-05 -4.169468304128569293e-05 7.190995452532737425e-06 4.009203185379816026e-06 -1.155566122128481483e-05 -1.002156365501910555e-06 2.647034256984619375e-05 1.300076142832324763e-05 1.510723606517949745e-04 3.126328333687020339e-05 9.390562359245301451e-05 9.712999884830434501e-06 3.528248030377931856e-05 -3.408608473690356833e-05 9.018814153680432513e-06 -4.071829146737238525e-05 -6.872066818455384925e-05 -1.640792804246164898e-05 -9.214918991886719436e-06 1.364694439118095370e-05 3.838454703012905689e-05 1.698493313887159472e-05 4.787342495687759820e-06 2.765946806103325548e-06 3.990341982936030968e-05 -2.091647881266701831e-06 2.802267087843590416e-05 1.219542647320052737e-05 2.600592678187606835e-05 3.541729038219945653e-05 3.396145645105933181e-05 -4.977378076218855007e-05 1.152008977467391762e-05 4.101825132319441235e-05 1.957842173831920554e-05 7.720573258106544476e-06 -1.281935769643870747e-05 -1.520894970301516080e-05 -9.408746599106374386e-07 2.681081993582301620e-05 -3.896423319680698621e-05 -4.482511055335517883e-05 6.448031627245987419e-05 1.045669646134073539e-04 -4.037421927669227292e-06 -3.841315633016474185e-06 1.650486287364936303e-05 2.684855705014477207e-05 -1.977333435476439586e-04 -3.359435964104416959e-05 -5.653582700799751455e-06 -4.053934777018139234e-05 -8.338529559898624928e-06 1.067005114103799780e-04 -1.548820396405580467e-04 -1.018235599297179656e-04 nan -3.712916499668096691e-05 nan nan nan nan nan nan nan nan nan nan nan nan nan nan nan nan
-2.162667665941721042e-06 1.746744168029381099e-06 -1.673849055868001305e-05 -2.150028911308648334e-06 -2.492563560571169163e-06 6.634745819307071105e-06 -1.170967427169185719e-06 -2.001712390902568328e-06 5.899024401054292098e-05 9.897946323348547423e-06 -3.434170932745602014e-07 9.672473236531196425e-06 2.323387052249712620e-06 5.276772937387695882e-06 2.628412994469016566e-06 9.588021066810848030e-06 5.369209280350969772e-06 7.834930505004055758e-06 7.019320823096654624e-06 2.110950241537334846e-06 1.165249027222774948e-05 1.827470502072636095e-05 -7.347995863455368004e-06 6.852705844222461420e-06 -6.640808821071980579e-06 -1.600802773628902766e-05 2.675832910110902553e-05 2.523075864604714419e-05 -2.930487598697728747e-05 -3.928254574572629412e-05 -6.775817698257352778e-07 -4.646488290987267535e-05 4.138758156067323362e-06 -2.272481732608969745e-06 -1.401663598466530171e-04 5.295960735891917228e-05 -1.922854388070789565e-05 -3.134878263493249341e-05 -2.763554316886097239e-05 1.826527978205558822e-05 6.947936776951083916e-05 -8.106954417570781050e-05 -4.355544627038574992e-06 -2.539886577594352787e-05 -2.767503405452545373e-05 3.218744956159203625e-05 4.793912525208121812e-05 1.467389012836556756e-05 5.165030770893897877e-05 1.388641869333516213e-05 -4.656254580635895698e-05 1.625559508434896424e-05 5.159732489038935911e-05 -5.332490952590838071e-06 2.746183760917790716e-06 -4.386563053352177853e-05 -5.197558249797042741e-05 -4.363152541581499832e-05 2.314610707930624914e-05 -3.847159528444540601e-05 -8.457404137173304580e-05 2.229424826767469541e-05 -3.634137543327929643e-05 -1.255425258449613025e-05 1.349136623701877823e-05 -8.953728708872591368e-05 -6.158948511526647564e-05 2.005397823990599673e-05 -2.423828127428079494e-06 -4.223304339320488933e-05 -3.042992412191711853e-06 1.312336661806571831e-04 -4.790880936856536948e-05 3.263607991251896178e-05 9.978037173969237005e-06 7.180021929825504867e-05 7.264549419677853153e-05 -2.742311669236380495e-05 6.320630513603497393e-05 1.528222764143605521e-04 -5.651013456355318421e-05 -5.713807996076200471e-05 nan -4.501344738378488240e-05 nan nan nan nan nan nan nan nan nan nan nan nan nan nan nan nan
-2.191090790385950055e-06 5.184350709990006493e-07 -5.231171515608395920e-06 -2.946305505313754579e-06 3.089219032185839565e-07 -8.267051001843016991e-07 6.739609857782357211e-06 -2.561052687181972674e-06 9.897946323348547423e-06 3.399780634257503999e-05 -1.186164320166755511e-07 1.857294655398899766e-06 -2.009267094802125840e-07 1.165241290412182688e-06 -2.376732581247972251e-06 3.827917381095511081e-06 -5.263759102717520324e-06 8.146243975988491678e-06 4.998038125706305584e-06 -7.366770740761810931e-06 1.206733648490702518e-05 -4.991222201499855449e-06 7.259690534835667350e-06 -6.650422940519786520e-06 1.088011822391172843e-05 -4.888529922978448192e-06 3.895460762731105627e-05 -1.025707335568111150e-05 1.410430446384810740e-05 -2.039891754786217945e-05 -3.976381223511859896e-05 -2.014954524572041980e-05 -1.573587551409460711e-05 2.823746361213344410e-06 -3.885021299585703146e-05 1.313096090720603812e-05 2.759804980915953233e-05 1.036155561203007767e-05 -7.125388358960080413e-06 -3.351064170351830793e-05 -5.601275420759938055e-05 -2.124330166673993524e-06 -1.021607874968182616e-05 4.939380517822092947e-06 -1.766920036381813250e-06 1.917757929141491606e-05 -1.141608388686418796e-05 -1.569520628306894945e-05 1.480944321584683283e-05 3.359392148127922931e-05 -4.077277467391476705e-05 -3.673458506090132458e-06 -4.078168255338831726e-06 -9.987774999008000175e-06 1.884113683550686686e-06 4.206544184191326594e-06 -2.351477305840175285e-05 -4.398045615021490656e-07 -2.255284003296339986e-05 -7.355334065091012760e-06 -6.341641770268709947e-05 -3.024848873716716731e-05 -5.157409833512018228e-06 1.799013732768467062e-05 -3.590345060424326805e-05 -5.323151547817591582e-06 3.196353439491408818e-05 -2.231070401746676531e-05 9.330373408701908837e-06 1.527572718294042833e-05 3.896273900382603311e-05 2.975850481605697597e-06 -3.068654802620538640e-05 -3.577667040411024115e-05 -5.963254887195026455e-06 3.546175482679468811e-05 4.423389057920730532e-05 1.463662710342744960e-05 1.098174115337253941e-06 2.236622630072273462e-05 7.531547257200737089e-05 2.965395416350134934e-04 nan -9.110030319523698867e-05 nan nan nan nan nan nan nan nan nan nan nan nan nan nan nan nan
5.460524634953444278e-07 2.493527365920188733e-07 -1.180063783488197608e-07 4.151356884122105362e-06 3.252329358886276150e-06 6.519116711087088678e-06 2.826477672907059910e-06 -2.222960838622954792e-06 -3.434170932745602014e-07 -1.186164320166755511e-07 3.521084999503748655e-05 -4.892338369965965584e-07 -2.505434910771309452e-06 4.743532798994618437e-06 3.293250904639411701e-06 6.699373239112633980e-06 1.009615418713694992e-05 3.216314681070361140e-06 -1.173431799673658503e-05 -1.091514732412734509e-06 6.728236352346948887e-06 6.489918911096936987e-06 4.005819121448080483e-06 3.692277503173027676e-06 -2.753842671098495295e-05 -1.276158746815785072e-06 7.018281141212130388e-06 2.266780818671836599e-05 -7.339362170757324721e-06 -3.779793810445233887e-05 -4.777099107862171597e-05 -4.217355977354816352e-05 -3.458938044845116170e-05 -5.449666050572792627e-05 -2.074541267025183734e-05 -7.007109576587403175e-06 -4.831225432785243948e-05 3.320422897932547311e-05 -3.491018634990213272e-05 -1.143809565872919366e-06 3.334863796280252622e-05 -3.100037864026159524e-05 1.678624746153274943e-05 1.658577430620446089e-06 -1.253251237065559720e-05 -2.621645331849172710e-05 4.175390919350888971e-06 -7.179916392291544321e-06 1.346042140795095145e-07 3.746539338835920866e-05 -6.648872107476711545e-06 -3.235428559745548405e-05 -5.089112321272899850e-05 -5.396166383136672816e-05 -5.196192640107614405e-05 -1.680272943233895560e-05 1.004422101045843296e-05 1.855443471494337628e-05 2.933499991648353770e-06 -1.875646761949013802e-06 -3.089498950848809964e-05 3.401838154699610400e-05 -9.147066207992010869e-07 8.650777037717168253e-06 4.951343745757431371e-05 -3.799607654969872241e-05 -7.152621450071419381e-05 -6.938501947873609567e-07 -2.097040393878348482e-05 3.770441209839256997e-06 1.546992951603890065e-05 -1.540780524135914700e-05 4.211771065459049108e-06 1.023172753891834419e-05 6.611858858752342591e-05 -4.641155811960597823e-05 1.902408447119650634e-05 -3.744260674717716418e-05 -6.224904057006524802e-06 -2.478550418084797446e-05 -1.249450877099618832e-04 7.610748353723840174e-05 nan 6.147536547518751143e-05 nan nan nan nan nan nan nan nan nan nan nan nan nan nan nan nan
-4.488550744638343240e-07 -2.602333861747119018e-06 2.168990508216134206e-07 2.901375848567098647e-06 -6.843659938409396598e-07 7.149059952822781413e-07 8.666950670538392965e-06 2.705666473182133708e-06 9.672473236531196425e-06 1.857294655398899766e-06 -4.892338369965965584e-07 3.566369320635531478e-05 1.173300420799129945e-06 -1.279252152552083841e-06 5.086599669732311755e-06 9.969192671457727687e-06 1.020190522943029180e-05 7.135176280288232848e-06 -1.100156477922111358e-07 4.268447393296190424e-06 9.273173951705356157e-06 1.149053543121919161e-05 2.444988214978871541e-05 6.275247860096669374e-06 1.343551414362501386e-06 -1.308655523600510171e-05 1.861006261736256498e-05 1.069759041311461724e-06 3.275031100035759757e-06 -1.347380957557545827e-05 2.340701355713134394e-05 -4.333466399788928725e-05 1.643639776503969294e-05 5.039876814037398813e-05 -1.792961090655650298e-05 -1.874534641794221154e-05 1.628761906523060529e-05 2.233297787065338075e-05 1.675720433813473299e-05 -1.445770914527537773e-06 5.133173117002308202e-06 4.167247208471223393e-05 -2.017839714764754793e-05 -8.968190788782592373e-06 -2.281432869145936401e-05 -5.124731063808796142e-06 -8.942343696179660799e-06 1.820313532296971663e-05 1.075285159441813819e-05 8.100365827256442828e-06 -2.252251896931607418e-05 1.709397772583717912e-05 3.296598680780698446e-05 -1.781866140641578575e-05 -1.212062832767666624e-05 -3.404001643994826716e-06 6.283073390716430275e-07 4.792488104535577563e-05 7.297064168705308685e-06 3.921614467868715393e-05 -2.748558427088441909e-05 3.199807424810084612e-06 3.814626183213066139e-06 -4.703228112425667217e-05 1.734452078146081432e-05 -4.940114277936891824e-05 3.336405973377298953e-05 -2.081977915650058832e-05 4.505261782412931469e-05 5.064147477494921197e-05 -1.250606857609546224e-05 5.513467328443094503e-05 2.875615296972121725e-05 1.021863297620108061e-05 -2.196964240249862032e-05 1.435640585778216871e-05 -5.315086908099262786e-05 4.883103173431112943e-06 1.014706990682915109e-04 8.119295193102767452e-05 -9.721065275256779046e-05 2.252323552908231573e-05 nan 2.665744327061884183e-05 nan nan nan nan nan nan nan nan nan nan nan nan nan nan nan nan
2.008566841218447647e-07 -3.436112378250382330e-07 1.211638775434643392e-05 -6.154478365555143364e-07 -5.709771162716676430e-06 3.213362110992515727e-07 -2.056682947655035791e-06 3.019019162975549519e-06 2.323387052249712620e-06 -2.009267094802125840e-07 -2.505434910771309452e-06 1.173300420799129945e-06 4.670838134571479955e-05 3.426883899445956177e-07 3.111751663786169076e-06 1.132550149360901334e-06 1.145193578874816325e-06 1.750561045158650304e-05 4.002576508845919447e-06 -1.799309500509630101e-05 1.540249682577864704e-05 2.189316131743659726e-05 -6.532456976082433591e-06 1.170214744622014778e-05 8.592168426651850409e-06 2.141346141913405817e-05 9.279301686365102339e-06 -2.608523242354675905e-06 -4.371321005072757081e-05 2.436593797691355176e-05 6.233025859023984597e-05 -3.518667409622372406e-05 7.274601624098158148e-06 -4.827624993391647368e-06 8.287602109191519900e-05 1.585799859672938603e-05 7.917524969423253480e-05 -1.216408121896866135e-05 -2.264075624807477250e-05 8.850288957165032785e-06 2.049819863802203221e-05 2.335500213238010404e-05 5.930662137350433121e-05 -3.410715670958127608e-05 -1.244577346995720623e-05 -1.780340071017806063e-05 2.139944368310437882e-05 -2.122433196824457922e-05 -3.745886147998667766e-05 -1.744369011954813938e-05 9.151640980740965547e-06 -8.604618804879944818e-07 -3.399518500298212689e-05 1.139372235566701278e-05 1.706762721463647465e-05 -1.896563379259366922e-05 3.152943000486295720e-05 -1.562865121148318583e-05 -4.480728614805855469e-07 3.123507204987188224e-05 -5.646137857458022005e-05 3.546270412819617270e-05 -5.446419655143569608e-05 2.799186391622682907e-05 5.972595615799997288e-05 -7.061839057786880138e-05 -8.880506826351909242e-05 -5.008567090775300400e-05 3.658682201129408011e-05 1.101568719920093748e-05 5.372611581100909155e-05 -1.008641918516523001e-05 1.683473111753967693e-05 -7.410853525207970825e-05 -2.441206484200584173e-05 8.151581343954984369e-05 1.389414198062141377e-05 3.031455099551311270e-05 7.867383412455235801e-05 9.625186756148769397e-05 -2.621205088716017941e-06 -2.465562765011660817e-04 nan 6.750999143897440933e-05 nan nan nan nan nan nan nan nan nan nan nan nan nan nan nan nan
1.755214023282137027e-06 -4.933329335748351128e-06 -1.504767860672891722e-05 -6.990290367263549335e-06 2.540081968172406632e-06 -5.308522889259096151e-07 -5.239154351561133771e-06 -6.931187501325432702e-06 5.276772937387695882e-06 1.165241290412182688e-06 4.743532798994618437e-06 -1.279252152552083841e-06 3.426883899445956177e-07 7.124958551791703721e-05 2.564968011834895504e-06 1.148155529115165196e-05 3.987185384950113517e-06 -6.800157057343209383e-06 5.886903026636669864e-07 -1.328932790621618841e-05 -2.743819717335957984e-05 -1.003903644323911750e-05 -6.242257821234726094e-06 2.320433384018706538e-05 -1.625811753913762212e-05 -4.184848492334206462e-05 -2.416372003054048623e-05 6.132610081829165116e-05 -8.235646875488391016e-06 -1.058501816662085770e-05 -3.725281912844774934e-06 -1.981650244916359236e-05 -2.579730299237407363e-05 -5.189674748240374495e-05 -1.036027746633110664e-04 3.596728361483046287e-05 -1.159530408405505520e-04 -5.421186612329520217e-05 1.914840990741629886e-05 9.672209089778970200e-06 5.864631292781581509e-05 -3.000008393834513638e-05 1.042459582367522575e-05 2.258172080765498085e-05 3.052144549399249929e-06 -3.938357414477429099e-05 -5.118326192186306079e-07 2.214922158255347101e-05 9.838879817205767059e-06 -1.390802616543475450e-05 -4.448417303400954129e-05 2.299251649149307766e-05 -4.523787767613544403e-05 1.540970710862218888e-05 -2.115570805270963715e-05 8.270483216765658438e-06 -8.971686779988259186e-05 6.162000185115756976e-05 1.561188383148861422e-05 -4.791775063628584460e-05 -4.576055480189143536e-05 -1.652733195222426637e-05 3.209673766843206086e-05 -1.612548475959813349e-05 7.147538450261813754e-06 4.413383717520607028e-05 -5.212453105985548519e-05 4.824034401418971272e-05 3.489171017744140580e-05 -1.449450329996403760e-04 -6.456296025145866657e-05 1.040295348441888786e-04 -2.466370999239108581e-05 -1.882973948458121366e-05 -5.969075549799029854e-05 5.709340650811826093e-05 2.060090474238685014e-05 8.239740284102705373e-06 -3.863469523348488018e-05 -1.486868784988629893e-04 9.160320067913656748e-05 1.398594998753069634e-04 nan -1.165572265629235079e-04 nan nan nan nan nan nan nan nan nan nan nan nan nan nan nan nan
-1.421845840182122394e-06 2.506875884486763005e-06 -8.700982032509670989e-06 2.385530597467957112e-06 1.276183433549382707e-06 -1.372811466524436525e-06 1.428908568913350911e-06 -2.626630818964333205e-06 2.628412994469016566e-06 -2.376732581247972251e-06 3.293250904639411701e-06 5.086599669732311755e-06 3.111751663786169076e-06 2.564968011834895504e-06 8.457251853031107170e-05 -1.108175900215728181e-05 3.062260869289197935e-06 1.179024215934421168e-05 -8.738698783584083644e-06 2.052281496643019588e-06 -2.840339774317569390e-06 2.636883932968573554e-06 -9.108347060613479844e-07 -2.364117187670333292e-05 3.349204426616665030e-05 -2.696112144180575729e-05 -2.357762817568932688e-05 4.526153271081719589e-05 -7.885847955333797422e-06 -2.884359770409053215e-06 -2.921216635116540778e-05 -2.126835547058239612e-05 -1.832877405103696596e-05 1.596061230176040071e-05 -8.567197224873849496e-05 5.498819987371490563e-05 -9.031793304076763643e-05 -1.770512356741980959e-05 2.144823529061389201e-05 -5.825468257682608339e-05 -1.024686755062075012e-05 -2.535120464176495191e-06 -4.389391094092876260e-05 -3.532609773022762366e-06 -3.350027867094574957e-05 2.290372179232113395e-05 3.397444028834741730e-05 -3.624260694231962795e-05 1.755060882288267204e-05 4.451021128911539394e-05 1.363337001713887334e-05 -5.868634752878357626e-05 6.599611211059429610e-05 -5.123223450638265573e-05 -1.110529122843561243e-04 -3.377452102798503736e-07 -3.449919441588806379e-06 1.941684842681638335e-05 -1.579061968352795775e-05 1.521381857254217728e-05 4.544101590082452182e-05 -3.054480822086421494e-05 3.742569586815682695e-05 -1.697557866177761620e-05 7.198866657906131917e-05 -7.856454428150439005e-05 2.268016406144322957e-05 -9.541041883596326650e-06 -1.578346415018958547e-04 -3.314061026586729761e-05 6.441352491663547394e-06 -5.367414423302769354e-06 -2.973411102650450513e-05 -8.664294143066039928e-05 7.850383509040741484e-07 -4.710747886568497427e-05 -1.017965088158527586e-04 3.277373700624024302e-05 -2.613125035687425735e-05 -2.226670468579027993e-04 -1.631745154144880871e-04 -1.099230362190300515e-04 nan -1.058651260080547022e-04 nan nan nan nan nan nan nan nan nan nan nan nan nan nan nan nan
4.426778494057435750e-07 1.042453305046985439e-06 -1.995756800602881047e-05 3.326212355114608266e-06 5.562440095951914643e-07 1.148415135508552352e-07 8.127628898633466739e-08 -5.284594601182314930e-06 9.588021066810848030e-06 3.827917381095511081e-06 6.699373239112633980e-06 9.969192671457727687e-06 1.132550149360901334e-06 1.148155529115165196e-05 -1.108175900215728181e-05 1.743443719029946434e-04 3.773391722066809289e-06 -3.787114227679177196e-05 3.673729436772591844e-05 -1.864194335628725123e-05 3.229332978555023810e-05 6.437330401254109534e-05 -2.097145630409082541e-05 1.138436633626498324e-04 -1.512529807946100633e-05 -9.579026081967709726e-05 1.128528471207211414e-04 1.166842975157637711e-04 -1.826999810606164801e-05 1.212821912377016068e-05 -1.016977543942760236e-04 -5.582307559099990781e-05 -5.814773347935377581e-05 -1.626119325625674706e-05 -7.282037991360788105e-05 2.821841373049270587e-05 2.986300501734734882e-05 4.733945158433354146e-05 6.158438956705397486e-05 -9.764927754295657674e-06 -4.550454666964765671e-05 6.288957526649461042e-05 -4.447454326385280284e-05 1.225132220569945513e-05 1.246389853472635551e-05 -5.427471018600400147e-05 -3.295641407859360464e-06 3.601900654537262391e-05 -3.956367252657577234e-06 -3.222310536286370979e-06 -7.691324580867292288e-05 9.292990773339680809e-05 -8.893740735088405478e-05 8.752703575177978580e-06 8.796776338593492999e-05 2.625285334599124231e-06 -6.008875769107180011e-06 6.936260863550652725e-05 4.969404084845838003e-06 1.925639319884149767e-05 -5.726223671940890798e-05 1.268406761624968210e-05 -8.289700656678940553e-05 1.167921601641929189e-04 -5.609765687052517861e-05 -1.180851132289432353e-05 -1.208114000217197205e-04 -4.520237754556880169e-05 -1.221756219350132299e-04 -9.307061066512091615e-05 -5.846267812266723008e-06 1.286299784146224378e-04 4.183560818649152685e-05 1.756288565685412142e-04 1.591435861459721292e-05 8.222997091309772416e-05 1.836373719329019747e-05 4.840055772701594205e-05 -6.337266727316973177e-05 2.244191158594282056e-04 3.214554717511375619e-04 3.018129466906572253e-04 nan 1.043275502428201991e-04 nan nan nan nan nan nan nan nan nan nan nan nan nan nan nan nan
5.329149323956830252e-06 -5.679622455265900203e-06 5.826001685954084222e-06 3.495623878849081122e-06 -5.463617488525285362e-06 2.067406878643902738e-05 1.072826560541762696e-05 -2.638931712352317951e-06 5.369209280350969772e-06 -5.263759102717520324e-06 1.009615418713694992e-05 1.020190522943029180e-05 1.145193578874816325e-06 3.987185384950113517e-06 3.062260869289197935e-06 3.773391722066809289e-06 2.836336670913853727e-04 4.186884741681442022e-05 -4.266515921858530938e-05 -9.757573183161109262e-06 2.497164310460561373e-06 -2.054326389180389598e-05 -2.875062423720593340e-05 7.698991545313130073e-05 6.218232475006697519e-05 -4.435437755563740507e-05 9.630359250900381808e-05 1.025341391772565433e-04 -2.285064990888496266e-06 -1.199061516019982485e-04 8.811474151168421172e-05 -1.050019604967910366e-04 -6.713570266315713815e-05 4.925016212362703116e-06 -5.697670475612127755e-05 1.549866292543391425e-04 -2.032478004671043172e-04 -3.931063103134774153e-05 4.277246443190874973e-06 7.388530672334908306e-06 -1.327240728828594683e-05 -1.075650263305049465e-04 1.236785418926963822e-04 4.165665932598980309e-05 -2.770565179987319936e-05 -9.578066828632054996e-05 -1.503441607130245255e-05 1.659051593428739765e-05 1.745661184785710180e-05 1.166874823596015100e-04 -2.885149587358400421e-05 1.216629243658857098e-05 1.720920296979916431e-04 -4.966088753453738893e-05 -1.819180892926219775e-04 1.323468016835700159e-04 4.507621751267726264e-05 -8.877619094329115867e-05 1.766948460426370299e-05 -9.705696101062847041e-05 6.387298078258252384e-05 9.531763844048236491e-06 1.150363420608245109e-05 -1.152971122242331387e-04 -1.093824623161619639e-05 -1.445756085005103731e-04 9.438059628712674532e-05 1.805645214756449748e-05 1.725032719934171401e-04 -2.810522646150315522e-04 -1.895666141271975218e-05 4.414475925977948118e-08 -1.547766130810409549e-04 -1.114664671779030318e-04 -4.767320241996925720e-05 -7.994704532230719884e-05 -1.418562601084123124e-04 1.565951387419384168e-04 -1.196411344131401117e-04 4.882120768295757085e-04 -1.346696427858090574e-04 -8.774091583014213434e-05 nan -1.258040695167349557e-05 nan nan nan nan nan nan nan nan nan nan nan nan nan nan nan nan
-1.594538565576327748e-06 -5.194536827462423089e-06 3.267556183865487254e-05 -6.639936636409887784e-06 -3.568610554861473140e-06 -7.801170692375119489e-06 1.845320568190486195e-05 6.273637063493654018e-06 7.834930505004055758e-06 8.146243975988491678e-06 3.216314681070361140e-06 7.135176280288232848e-06 1.750561045158650304e-05 -6.800157057343209383e-06 1.179024215934421168e-05 -3.787114227679177196e-05 4.186884741681442022e-05 4.199922804221854723e-04 -3.230429638449758658e-05 -2.895423080704551125e-06 3.230438652064615871e-05 -6.880328046178483029e-05 1.029016761649572054e-05 -1.396756496939633894e-04 -1.478969116060003745e-05 7.822086632994339087e-05 -6.286373765906365999e-06 -6.321054726762246787e-05 1.256156286539058240e-04 -1.353328259068454619e-04 1.053700188608876263e-04 -1.409385830075186570e-04 -4.849750338636381553e-05 6.037518915059363614e-05 1.544696654336380568e-04 -2.121354938407726449e-05 4.044506279601991990e-05 -5.500158490724961887e-05 -5.919133143677979161e-05 -5.618694776935491425e-05 8.313747698115943113e-05 -9.722630119131912569e-05 -1.180750982241033948e-04 -7.114110363092899483e-05 8.910020528589410248e-05 -1.432518429943729980e-05 -1.422503886914261879e-05 -1.418100261047959229e-04 -1.390317419544401516e-04 6.911594125844010522e-05 3.431564238560881727e-05 -6.834453453177296515e-05 9.267354594075148070e-05 -6.228761078872520199e-05 -1.824158861034209792e-04 -1.670683715313215029e-04 9.116627105981576140e-05 -1.306574797182364137e-04 -4.565072327796865703e-05 -2.555280575023483253e-05 -1.175286904184979028e-04 5.825588749405693378e-05 -1.736389076303459828e-05 3.087441404644326306e-04 1.377666741869016135e-04 -8.320733841546597027e-05 2.249105596567828444e-05 -1.051840227883681176e-04 -1.166476213836009287e-04 -2.092366610878401578e-05 1.510515379695277858e-04 -3.466059144610907869e-05 9.520282768581390346e-05 -4.595885137273193294e-05 5.474128503040842468e-05 7.897745296168946424e-05 -1.408252017830815574e-04 1.354367719727307305e-04 -3.945996371503354564e-05 -2.554142225892407450e-04 -4.152941742257158027e-04 -1.882811911709216174e-04 nan -3.664628604724046081e-05 nan nan nan nan nan nan nan nan nan nan nan nan nan nan nan nan
