8.220156227982037520e-06 -8.819708407377840857e-09 2.862488042864379066e-06 9.055002855385330693e-08 1.425457524489705771e-06 -7.119519822770153581e-07 2.790723512340454490e-07 6.983619233282201870e-07 2.128658139663036139e-06 -1.160582210628036606e-06 -2.115323027771663202e-06 -3.515682614181732400e-07 -5.650838427463894872e-07 -3.261971979363455020e-06 3.983678458744995195e-06 4.369584269776847860e-06 -1.113365936842270397e-06 3.665841345984595826e-06 -4.996554668225465807e-06 2.162887334098159344e-06 -1.270812178498436215e-06 -8.859353174939280563e-07 -1.819074805074778460e-06 2.879251657043705609e-06 -7.812324812297073457e-06 1.207555615926876181e-05 7.725769987841751141e-06 -8.431808807134567882e-06 9.976991269335357208e-06 -1.605440716330450561e-05 1.385565493039932092e-06 -9.033764353381709876e-06 3.619500709964131101e-05 1.550874566727925322e-05 1.175040373719455127e-05 -8.507858707672571821e-06 -1.995643158003724472e-06 3.124972121751124133e-05 1.431907221934932567e-05 3.754903331915745265e-06 -2.560087104408757851e-06 8.039665939101846902e-06 -1.626473289150005044e-05 -1.033557664722517892e-05 -6.727961832999377153e-06 6.670787438269920711e-06 -9.695707289642687787e-06 5.205841162820804798e-06 -1.173637454747923311e-06 -4.664204260534091494e-06 -2.995346257427544876e-06 -8.489340820029910882e-06 -8.322896662282927146e-06 -3.314512627530713521e-06 7.598711979906939060e-07 2.644868018629322718e-06 3.252137139563576655e-06 4.631881715220574496e-06 -3.944622042483302362e-05 2.109028043943058178e-05 -2.358619052978502449e-05 3.185315956999605696e-06 8.363738634772467184e-06 6.058299591356179873e-06 -1.118228841697487730e-05 -7.910275506931064730e-06 2.183461833307601997e-05 1.502121044135372894e-05 1.275989874934990002e-05 -9.071135217915502619e-05 -1.349016641996798700e-05 4.536540151577259050e-06 1.450395274055288683e-05 -2.467160978049523024e-05 -1.781971754457617547e-05 -9.338634232991410055e-06 -2.654135061167489912e-06 1.386947515160925990e-05 1.138281169326891904e-05 5.818307858287527550e-05 2.619942736283562530e-05 1.279216924165737784e-05 nan 3.039594222131281558e-05 nan nan nan nan nan nan nan nan nan nan nan nan nan nan nan nan
-8.819708407377840857e-09 9.661129846130754549e-06 -2.444623781649992689e-07 -3.110417270394020429e-07 2.068794138021851875e-06 -1.464425072724180144e-06 2.799260285124056302e-06 -3.423594978498733977e-07 -8.263050390575978126e-07 -1.761568742630319892e-06 -3.189944428751489812e-07 2.986820861729193413e-06 -6.763985244009210636e-07 1.795753539284001832e-06 -4.105580174440347438e-06 -4.810150740533478027e-06 7.223244380695490481e-06 4.923944788659582685e-06 7.355966898313003610e-06 -1.660630955155003838e-06 8.768826537772915264e-07 -9.211693427018276025e-07 -4.330380204263470287e-06 -3.555004486154408836e-06 -3.544974496396842204e-07 2.039782885596503134e-05 -9.270237154596000842e-06 -1.263037356433281581e-05 9.575843675681361780e-06 -9.802538793918865752e-06 -7.271605228305027453e-06 1.339007824781957076e-05 2.832859066517506269e-05 3.032356145983710629e-06 -3.665740525903968649e-06 3.072667152142756573e-05 1.581083080617143739e-05 -8.609497718903346967e-06 -1.292004189492340959e-05 -5.190498938128628587e-06 -6.795527141849508483e-06 1.049834180950084452e-06 5.442734392032063404e-06 8.010443834475653019e-06 4.435851559189083479e-06 -1.503628033379512090e-05 -5.170037377079552493e-06 1.030163560577014613e-05 4.633690129797545339e-06 6.049109499399216021e-06 -2.900550767781759787e-06 -3.021393952937136150e-06 1.356683628232820448e-05 -1.307131420715448703e-05 -8.926839232655949761e-06 -6.038573251469004407e-07 2.126729549145533476e-05 1.039156072664309008e-05 1.264608323156780237e-05 -8.352762905317707978e-06 1.390232851662405361e-05 -4.824495448589004411e-06 1.336319232995325070e-05 -1.148686439463276018e-05 -2.866302956662367856e-05 2.036019217033784468e-05 -1.784286307540334425e-05 -1.474436571639063419e-05 9.229752632205386257e-06 5.711394801437867576e-05 -8.063016904444997274e-06 -6.051313622156525393e-06 2.053197557091480341e-05 2.759563157457559624e-05 2.024247336865725745e-05 1.084976620446107612e-05 -1.532615110268852998e-05 2.792661775476825149e-05 9.054117104156190815e-06 1.879045556207039550e-05 -2.549056106471253401e-05 -1.248713444529337469e-05 nan 2.528142153113569824e-05 nan nan nan nan nan nan nan nan nan nan nan nan nan nan nan nan
2.862488042864379066e-06 -2.444623781649992689e-07 1.760010687240316375e-05 2.618354639515606409e-06 -6.487826134964138951e-07 1.735371356944226381e-06 1.837422835976005478e-06 4.271076532505458084e-06 -9.218744629233500022e-07 3.027889253268642991e-06 3.376591936817312643e-06 1.627877856318149434e-06 2.523406879938282029e-06 -3.082867158232080500e-06 -2.822707633654422888e-06 8.936131031378444469e-06 -4.321832134391253366e-07 6.579277358826489091e-06 -2.297546644105647275e-06 -5.175114943672969695e-06 3.154955488408527134e-06 1.647604443312718297e-07 1.272311887454684432e-06 5.371141315777116483e-06 9.399884741337811999e-06 -4.991049084719135115e-06 9.931795349837717595e-06 2.298625507430126498e-06 -1.844366519107692643e-05 5.190710450769995852e-06 4.241561913086699310e-06 -6.422942660857843531e-07 4.661045186666211892e-05 1.547814000131740001e-05 2.862643990782670847e-05 -1.259625702164158410e-06 7.696868281468074196e-06 2.969881654274699435e-05 4.737640469754031945e-05 -7.152911280008118807e-06 8.762754174137584600e-06 8.597478695087301740e-06 2.162381125047782517e-05 -4.986904855541472578e-07 5.309329042865918641e-06 2.726987304478776229e-05 3.391492314990568100e-05 -2.774624984057815923e-05 -1.156048991597512767e-05 -1.241541601165167530e-05 -2.186217577586690305e-05 -3.795810025900007220e-06 -1.369699419847870345e-06 -2.695365497755069552e-05 1.258043824681560782e-07 1.943571035889283773e-06 2.880410399195782468e-06 -7.152694444195894899e-06 6.290113391405853409e-06 -3.202161248894464391e-05 -1.623166020981358778e-05 -1.300186988984192652e-05 7.791420771245474510e-07 1.080672098861700391e-05 1.096283917956759278e-05 6.268202117663241544e-06 2.452223581604023823e-05 -2.979059753071592410e-05 -3.334742754989782033e-06 -4.174203934564425008e-05 -6.987347024318819291e-05 4.159994839499975173e-06 -4.875799849908482727e-05 -4.834995846913977187e-06 3.392308748833881913e-05 7.003741710117446481e-06 7.570084154246349860e-06 4.475102277821946120e-05 -3.213634829387309261e-06 4.391977110079032511e-08 6.221956628874703502e-06 2.336918134273136815e-05 nan 1.479595631413496709e-05 nan nan nan nan nan nan nan nan nan nan nan nan nan nan nan nan
9.055002855385330693e-08 -3.110417270394020429e-07 2.618354639515606409e-06 1.181300079209315555e-05 1.775329413967699399e-06 3.432045498884633592e-06 -1.419169277806721954e-06 1.465163191380923376e-06 1.311498099551378265e-06 1.830296540045715447e-06 2.595473547604946103e-06 1.950121902947198205e-06 2.892113984500562724e-06 3.616464878065780882e-06 -1.643485525389061001e-06 -6.478978530464491665e-06 6.084679126029479539e-06 1.957386999575780016e-06 1.150436797992959866e-05 6.958764060855747904e-06 -8.115056875782435225e-07 2.022928251735860963e-06 5.603778833273844281e-06 1.541992624047388471e-06 -4.580680708828671749e-06 7.683589830255083299e-06 2.668919490846139065e-06 -9.495080741833662811e-06 -1.371430419511997820e-05 -1.169731416759385315e-05 -1.259152632965824769e-05 -1.038218155462986905e-05 2.590256043513692767e-05 4.894304941308776029e-07 -8.806271654025685168e-06 1.602681795068992582e-05 1.469084560404815410e-06 -4.265459650828764168e-06 -7.889842728499271953e-06 -3.449217805412772419e-05 -1.443512966665942353e-05 -7.225896255554049544e-06 -1.022631067119333071e-06 1.266005159829544265e-05 4.429997941797423907e-06 1.609278253398822864e-05 8.127958587630798731e-06 -7.496903946932228240e-06 1.904397728778901161e-06 -1.195331372165660775e-05 -1.298025983116468578e-05 1.625499787084413092e-06 -8.384607948674939335e-06 3.503565764748443300e-07 -8.792161643460867404e-06 -1.092133651072493615e-05 7.914666184561402372e-06 1.441399538739744636e-05 -6.490696037612063768e-06 -1.111905443424388754e-05 2.396507758117229941e-05 -9.428924483086337464e-07 -1.045299644710537603e-05 -1.149376070095571926e-05 -2.062966653387597995e-05 -1.217264814206676914e-06 1.875889931070804238e-06 -2.737774047893713791e-05 6.373873230270691993e-06 -6.311666459551071469e-05 -1.404213125462049977e-05 -1.095246447361655522e-05 -5.100730640950200021e-05 -1.818680355923531420e-05 1.629262092021274011e-05 -2.793199172513146367e-05 1.792890785149681043e-05 1.755674905655134311e-05 -2.137708529661671948e-05 -8.994433413945721384e-06 -6.509259097917643652e-05 3.492628297306852458e-05 nan -2.954678927856977622e-05 nan nan nan nan nan nan nan nan nan nan nan nan nan nan nan nan
1.425457524489705771e-06 2.068794138021851875e-06 -6.487826134964138951e-07 1.775329413967699399e-06 1.644392774113671277e-05 3.152005037930339076e-06 -7.928295106013072686e-07 3.551750967221207139e-07 2.509303802050001497e-06 -6.693147697194729526e-07 -2.182716546008436148e-07 6.819667551097409461e-06 8.962002441535819259e-07 4.255394462914287763e-06 1.067216677841926887e-07 -1.296081004192777802e-06 -3.886187823202875333e-07 1.204728159623811154e-05 6.611503727324516748e-06 -1.033783713820613328e-05 -3.656683468320070277e-06 9.500109937735017759e-06 -3.178727789230443423e-06 2.474103913559679753e-05 -7.520934218654936564e-06 -4.490726469819109905e-06 -5.190152143523009409e-06 -1.353700762841918335e-05 7.457454043964650684e-06 -8.431528294542304388e-06 -1.131234414907208510e-05 7.579545868765046900e-06 -2.052401117324515516e-05 1.224644395262047234e-05 -1.549610751356202013e-05 6.718782082911932569e-06 -2.143763523024830395e-06 -1.558061835394337779e-06 9.189806586194556318e-06 -9.112752161447270475e-06 -1.650520985894546658e-05 -1.622619062471309718e-06 2.817746370892947811e-05 2.150035058471486479e-05 8.593531050554262521e-07 -9.410574869217478621e-06 -1.899442209357975867e-05 1.558390654640580059e-05 1.060398845752626955e-07 -4.175138856129707931e-07 2.308908191615077163e-05 -1.438239244934084412e-05 -8.320653615061141163e-06 -2.951991047835972489e-06 -1.340943613996196834e-05 1.664141542653311436e-06 -6.945407819407138366e-06 -9.764047521515934478e-06 -4.947903801265031751e-05 2.904500807848081701e-05 2.203772622547508689e-05 -3.468708028044926875e-05 5.392603770994573127e-06 -5.169953609613473999e-06 -1.916821705879801554e-05 1.966579376646091496e-05 1.742687077128671973e-05 -1.746588094036765363e-05 3.632386591960547374e-05 5.409275812322729166e-05 2.882872956209649493e-05 1.176134400871228348e-06 -7.498380305633993244e-06 -3.168766227143082797e-05 -7.495005873997494635e-06 -1.736400282272235687e-05 1.182110361543504658e-05 -2.750876692971014792e-06 -1.942388768902243387e-05 1.894558111031651907e-05 -3.869340059970850635e-05 6.557218969407125719e-05 nan -4.629310889460517804e-05 nan nan nan nan nan nan nan nan nan nan nan nan nan nan nan nan
-7.119519822770153581e-07 -1.464425072724180144e-06 1.735371356944226381e-06 3.432045498884633592e-06 3.152005037930339076e-06 2.494681846972907231e-05 -4.236269801207737829e-06 3.194121197406959380e-07 1.690082044222546055e-06 6.512369239634039326e-06 2.491954625641649128e-06 4.466911333026775438e-06 -1.053737906549171732e-06 3.528186896575537030e-07 2.868278246163847296e-06 -1.064363439676430058e-05 -1.331820217827282961e-06 -1.405792520293333571e-06 2.458831442105800251e-05 -8.625999303919090876e-07 4.521231005631133288e-06 5.728201862073346951e-06 -5.119814616095398952e-06 5.742283332190779933e-06 -8.555812355574777209e-07 -1.612716485032152409e-05 -5.564872461871310414e-06 -8.816900958342373793e-06 4.143338042167680688e-06 2.254947270621674360e-05 -7.630840931327986608e-06 -3.153115297137335470e-05 -2.329288550267617235e-05 4.029086731004184188e-05 -5.947365109377451489e-05 -1.499686697683292561e-05 -1.512867423804186421e-05 -1.716882812854493464e-05 -4.484000518677516823e-07 -2.590375108303788246e-05 -3.859549204902764259e-07 -6.717816802416844439e-06 2.675763645260052681e-05 1.483317172947436382e-05 5.209079866934810382e-06 1.234646146495934512e-06 1.957029241977460081e-06 -2.308216246176106454e-07 -1.673655084201801572e-05 -9.528163742811441970e-06 -1.545016974920899539e-05 -1.051675910675935862e-05 9.701706271167185024e-06 -1.210701310455235948e-06 -7.686332261767045537e-06 -2.485742080668963061e-07 -9.899119909274593600e-06 -2.809620638740219413e-05 -7.921217917360820102e-05 5.174547779846090795e-07 1.559989321459819042e-06 -2.722519808516362936e-05 -7.490029809663097517e-06 -1.686518818599302895e-05 -5.007398158283176667e-05 1.670947276135814971e-05 -5.096581738588081332e-05 -4.329254313261124469e-05 -1.062141198759118668e-05 3.753465875552540644e-05 6.768083399176991843e-06 3.502803628931011795e-06 -1.628865436074776411e-05 -1.076539719465529187e-05 -9.980260096268823758e-06 -3.688372958901144875e-06 3.536508327384493421e-06 2.979152994586663225e-05 -1.910481785251026576e-05 4.919610953645175538e-05 -4.594828580697360226e-05 4.245786118389968791e-05 nan -7.351626192983188607e-06 nan nan nan nan nan nan nan nan nan nan nan nan nan nan nan nan
2.790723512340454490e-07 2.799260285124056302e-06 1.837422835976005478e-06 -1.419169277806721954e-06 -7.928295106013072686e-07 -4.236269801207737829e-06 1.828592023150074717e-05 2.006098023262627938e-06 -3.869689219873415850e-06 -2.163611739281434576e-06 5.375604362613679216e-08 3.962109796857898793e-06 7.182947169742472271e-08 -1.528384157039548891e-06 -4.195407404791924836e-06 -4.884518002538963959e-06 2.957701838212437311e-06 1.154381271649738652e-05 4.102853024238093325e-06 -3.254708769630027646e-06 2.597506037172265638e-06 3.468711683014591896e-06 3.802242377246965670e-06 6.030201660324694806e-06 5.364527440691596961e-06 -8.135094608224197944e-07 -5.570213884916037348e-07 -2.523675950551036053e-05 -9.169915184678074536e-06 -1.059880443424090703e-05 1.391183584706949869e-05 3.567753258235978233e-05 2.104881227521965652e-05 4.897078557864099094e-06 2.289832477749854516e-05 -1.284960827406993943e-05 1.022012448082233650e-05 2.555131533114896035e-06 -5.122288418536810713e-06 1.102210183352068818e-06 9.901402725087912927e-06 1.689287368942399360e-05 4.507869946671466248e-05 -1.240272559037667951e-05 -1.957450302256138348e-06 4.120732899937330268e-06 -1.177385585203125254e-05 -1.482819801329561456e-05 -6.731993667075630817e-06 -3.607968688272598852e-06 -1.666011402942167409e-05 7.359791294111631535e-06 -1.098291659938272600e-05 6.034618433566361858e-06 1.464465203718424335e-06 7.072623046632984132e-06 1.038373988719761337e-05 1.838281078765649696e-05 2.020479713798694095e-05 -5.582853903645422711e-06 -1.063258262794136302e-05 3.905419743282927700e-05 -3.733009012656180499e-06 2.948367885017565306e-05 3.705645700159610389e-05 1.514727841453705495e-05 -4.967641092329506904e-05 -7.627527340180445012e-06 1.045658950601990085e-05 1.229303549535331903e-05 -2.467290133496957542e-05 3.394230830353943081e-05 1.745413920495398336e-05 -2.663971494877082676e-05 6.711951989208250161e-05 -3.364014300689243090e-06 -1.879621036673978814e-07 1.665190442447685301e-05 9.294040305682930758e-06 3.866476029450074525e-05 1.589924993664731279e-06 -6.424069455181175993e-06 nan -3.685805311833578496e-05 nan nan nan nan nan nan nan nan nan nan nan nan nan nan nan nan
6.983619233282201870e-07 -3.423594978498733977e-07 4.271076532505458084e-06 1.465163191380923376e-06 3.551750967221207139e-07 3.194121197406959380e-07 2.006098023262627938e-06 1.889620787717229339e-05 1.233464585537342764e-06 4.171735462997126664e-06 1.156041434825959596e-06 5.716232955339552440e-06 4.325257150177387127e-07 -1.263583135585340404e-06 -4.259707208611203889e-07 2.620963360215204864e-06 -5.381451736472888648e-06 5.200078832150336343e-06 -3.829077362885209721e-06 -3.144662304011206447e-06 -7.244184731648798244e-06 -1.520121669072033674e-05 -7.921724333183101385e-06 -7.610771028531350101e-06 5.316513133070712787e-06 1.927731580879146909e-06 6.661962719264494392e-06 7.645939984382494795e-06 -1.431988013736484944e-05 5.597063608823719502e-06 -1.722563096026284656e-05 1.113654583700681709e-05 -3.201336043795276589e-05 -6.607889630741097660e-06 -5.781406920885114851e-07 2.004276185683657495e-05 -3.965889278264989043e-05 4.619531535077027618e-06 3.049190615993049155e-07 -1.112023123603553311e-05 -5.911344920010413369e-06 -3.565570606096050846e-05 -4.303158372271174128e-06 6.062690101997543055e-06 -1.609554544921269114e-06 -6.365503440720833576e-06 2.296038519887774921e-05 -1.782159620276879607e-05 1.055226189537731772e-06 -6.633354552389557419e-06 1.253247450606964933e-05 1.640420336187409757e-05 2.478261574441137176e-05 -4.946311877670503200e-07 -7.434208093249468501e-06 2.768313139659869314e-06 -1.001361876381809716e-05 -1.626151904867543014e-06 2.533065269300347519e-05 5.736293822653152469e-06 -1.848901518511751211e-05 1.685297986645325650e-05 2.159654786400989399e-05 5.783598833134759353e-05 1.521103134268734194e-05 -4.737681316778647701e-06 3.477650605187694409e-05 3.215578149479288264e-05 2.449863859558850990e-05 -2.853944675044998058e-05 -2.000598091450663622e-05 -9.132063541285133289e-06 -1.737825613974295245e-05 -1.295329991936186725e-05 -4.199750150611960951e-05 -1.532152958300715153e-05 -2.457493295311830844e-07 3.694822025306146434e-06 -2.403678946945996748e-05 -5.419270471987562056e-05 -8.391594116547423509e-05 1.578695817064158202e-05 nan 1.063331737207234075e-04 nan nan nan nan nan nan nan nan nan nan nan nan nan nan nan nan
2.128658139663036139e-06 -8.263050390575978126e-07 -9.218744629233500022e-07 1.311498099551378265e-06 2.509303802050001497e-06 1.690082044222546055e-06 -3.869689219873415850e-06 1.233464585537342764e-06 2.953257823362983938e-05 3.381478919055224025e-06 2.231112094033202154e-06 9.822708174510897448e-07 3.195577488635436518e-06 -4.851662997230883805e-07 1.174190379817296644e-05 2.341435115228537352e-05 -2.702764956792406226e-06 -7.813120418346586347e-07 6.587779304427154635e-06 1.868382394932008539e-05 8.901102017274261865e-06 2.708421135588062249e-06 -1.273851436557259639e-05 1.097335039403112517e-05 -2.554933555429764348e-06 -4.535010130364643340e-06 -1.117613815534143649e-05 6.546740299172384866e-06 3.328758191718699475e-07 -6.945200647274370414e-06 1.721571200993137331e-06 -2.326873272318200270e-05 -3.547867957363921848e-05 1.405722850609133696e-05 -1.104531988602435842e-05 2.770818837681804353e-05 2.533570446992296899e-05 2.389149268421361918e-05 -2.294783900840636909e-05 6.277238153105108771e-06 -4.132252319956369906e-05 -2.146929912911255302e-05 1.300301047720750492e-05 -6.221249510584213938e-06 1.282396395024774596e-06 -1.432682940722520853e-05 -2.827184092906183490e-06 7.618937122795956648e-06 -1.177878299976983738e-05 2.499433749252222183e-05 -1.232806373100374686e-05 -1.956121999885153146e-05 8.030370752776862207e-06 2.673796159861085929e-05 -3.355148647668800525e-05 -7.512240088154188784e-07 3.200699136814999805e-05 -2.783185035656159067e-06 -4.867433673529381874e-05 4.196541066330319034e-05 -1.699161304977068424e-05 -3.781875110882821993e-05 1.797369077983972059e-05 2.488492215330627500e-05 -7.198675860176381540e-05 -3.473632637992682247e-05 7.459793126817258020e-05 2.560829752653358483e-05 2.176672968274057890e-05 -1.001583048532692414e-04 4.285114725105947694e-05 -2.524451848549647768e-05 4.017694047733111028e-06 -7.989228837859083674e-05 -9.281776690075062947e-05 -1.072414851512555428e-05 2.030802102548137362e-05 -4.033218406586727700e-05 -2.685152154440034644e-05 3.097800607107534465e-05 -7.600380101609680581e-05 2.880147028050130973e-05 nan 4.024129814964020653e-05 nan nan nan nan nan nan nan nan nan nan nan nan nan nan nan nan
-1.160582210628036606e-06 -1.761568742630319892e-06 3.027889253268642991e-06 1.830296540045715447e-06 -6.693147697194729526e-07 6.512369239634039326e-06 -2.163611739281434576e-06 4.171735462997126664e-06 3.381478919055224025e-06 3.757409096151326098e-05 1.653078200597580697e-06 9.648535886393209613e-06 9.459409717228828496e-06 -9.296475789924842458e-07 5.008196999297377583e-06 -5.282715635970506118e-06 -2.917710035406895265e-06 -4.405854027007656991e-06 1.315004070424493963e-05 1.720420677303726719e-05 4.168637963414278051e-07 1.033394429346067487e-05 -1.878337076705089394e-05 6.077378227374654044e-06 7.312669237437900356e-06 -3.212840097485620470e-05 5.549592802911107732e-06 1.110336062818363523e-05 -1.283918823079106663e-05 8.928498809913431396e-06 -2.779292785283454020e-05 4.448156069932996861e-07 -7.691373093270094873e-05 4.608520269076085316e-06 -7.903300867449505209e-06 6.013888696810445996e-06 2.154091634786957333e-05 -8.090899292863216658e-06 3.313777421862576432e-08 -5.893986961180912272e-05 5.839492586589957679e-05 -7.167084507986609766e-06 -2.249205317679363743e-05 -4.625318991253561391e-06 -9.600595802353499724e-06 1.545610889833727519e-07 3.998608810792490668e-05 -1.837063644969301896e-05 2.711049003841879972e-06 -7.638532348874819687e-06 -3.805943476989157461e-06 -4.511333408304055571e-05 2.069082934105894903e-05 -1.935066574862587426e-05 -3.180688776817945158e-05 8.483004396832647989e-06 -1.959011268437084428e-05 -4.482347376006850977e-05 -2.416308592704952203e-05 2.069226355818728260e-05 -2.414981770484620906e-05 -1.650737589202298246e-05 1.901920625279858454e-05 1.878112137257481062e-05 -7.620893418199801316e-06 2.693555489628033143e-05 -1.026468875010492609e-04 -5.340886241283575975e-05 2.351609114216632793e-06 3.575918665035105898e-06 -4.378026736724606374e-05 3.470632182054609233e-05 -3.498442151683033339e-05 -8.719018151164079772e-06 -7.072734513191278381e-05 -8.489007529278961250e-07 4.337296791896435666e-05 6.771049622670843339e-05 -2.601795241177958797e-05 2.570934658867949965e-05 -6.888520806069415019e-05 2.357526296662413364e-05 nan 1.287893143908294640e-05 nan nan nan nan nan nan nan nan nan nan nan nan nan nan nan nan
-2.115323027771663202e-06 -3.189944428751489812e-07 3.376591936817312643e-06 2.595473547604946103e-06 -2.182716546008436148e-07 2.491954625641649128e-06 5.375604362613679216e-08 1.156041434825959596e-06 2.231112094033202154e-06 1.653078200597580697e-06 3.115617381258004926e-05 1.036464067889604673e-05 1.130949974802111084e-05 1.379396220972471039e-05 1.936437217579864282e-05 2.010721943300590724e-05 1.332796173506693669e-05 5.186105549324128066e-06 1.526141376932133845e-05 1.046711794688386596e-05 3.095341139960996655e-07 3.021384730665493748e-06 3.262622368574698450e-06 -3.287083414817097976e-06 1.560337696039529613e-06 5.631954998356615325e-06 8.916472554032812636e-06 -1.088247091733435678e-05 -1.730053704340432229e-05 -2.763059667220002936e-05 2.232114136433835849e-05 -4.382075089159252036e-05 3.365512775506119121e-05 1.048592926265271968e-05 -2.337510588594624686e-06 -1.001239124743724620e-05 3.731112136776985406e-05 2.334780732550568088e-05 -5.328739015207556189e-06 3.547648185669228358e-06 -2.258903772787546044e-05 -3.138869562972104694e-05 2.072304532160562773e-05 -1.065076549394453812e-05 9.941228546742917141e-06 1.659035546404950381e-05 1.368315258289053726e-05 -1.895418046716314714e-05 -3.312980089730032334e-05 1.849439735503879173e-05 -2.488390582895205769e-05 5.025494213924044832e-06 -2.921425473709946241e-06 4.359802078422179304e-06 2.825372171926749122e-05 1.182296612100473529e-05 -1.420610634743380503e-05 1.304630608497345301e-05 -1.627458281213255972e-05 -1.462302310875296737e-05 -5.989837410605873465e-05 -2.709554528985795574e-05 1.701443369132795382e-05 -4.659913466472700701e-05 -3.356936436035174175e-05 2.156964633152236326e-05 2.470456186511720630e-05 4.963964085687217105e-05 2.053941775103714656e-05 -4.058958797022284369e-05 -4.668130170920532410e-05 -8.465159363650040297e-05 1.889824442863616619e-05 -6.400451226630178472e-05 1.215435403502025419e-04 -9.588780650856180374e-06 -3.901013437792596279e-05 -5.225029044656386857e-06 -9.547370459892887021e-06 1.189446249951037443e-05 9.608041000689192832e-07 2.524323981592428923e-05 nan 5.387843219441701080e-06 nan nan nan nan nan nan nan nan nan nan nan nan nan nan nan nan
-3.515682614181732400e-07 2.986820861729193413e-06 1.627877856318149434e-06 1.950121902947198205e-06 6.819667551097409461e-06 4.466911333026775438e-06 3.962109796857898793e-06 5.716232955339552440e-06 9.822708174510897448e-07 9.648535886393209613e-06 1.036464067889604673e-05 4.626461703480851811e-05 1.259579135414799989e-05 6.857232606560990004e-06 2.849226476242824695e-05 1.158563458318507359e-05 1.892402229364300417e-06 2.878319106809575133e-05 1.033959014097869944e-05 7.974875647155418626e-07 6.213389753206216819e-07 -1.816204490330876751e-06 -1.661860689422004162e-05 5.493370080292824042e-06 1.145467490101263869e-05 9.135740177040117168e-06 3.826889959662726461e-06 -5.585532422315006695e-06 8.649273215574509904e-07 5.525786259444624617e-05 3.161600920335449919e-05 -4.229097586780311542e-06 1.702721770853147132e-05 3.696082680943694066e-05 -2.848828246928664473e-05 -1.831485219410726125e-05 5.486992761208107314e-05 1.007062400139536693e-05 -5.599439295784049320e-06 -3.872653888936820275e-05 2.258604815686151470e-05 -4.330204727702476985e-05 1.116931289545802525e-05 -3.727865261897264546e-06 -4.254104994657154174e-06 -7.392952375819003696e-06 -6.235312408456881473e-07 -1.866953536157356453e-05 -9.291077011696822252e-06 -4.229066497521160528e-06 -1.909710953315941185e-05 -6.055879052378834364e-06 -4.598510563278899560e-06 -1.182748232454631220e-05 5.687439660966771473e-06 2.757229856036967072e-05 -1.646046952220102418e-05 -1.605984738765743564e-05 -5.118443468945321160e-05 -2.710359380258239546e-06 -7.193264081927857017e-05 1.816391372805646628e-05 -3.889872887875332557e-06 3.572870665063038224e-06 -3.413873148784703058e-05 4.503935410416580313e-05 -7.418110909149535877e-05 -1.086678180109757674e-05 6.436686938189554517e-06 1.178686438187975403e-04 -2.301722932326824369e-05 -5.186273843639783011e-05 3.661017471128834782e-05 -3.047468672558286266e-05 -1.966469109719929431e-05 4.772108819033034634e-06 4.552786698866944660e-06 5.288640155339868813e-05 -1.558709886236448730e-05 1.710899595390738832e-05 2.933402360206881690e-06 4.240953279506505882e-05 nan 2.458457209639010828e-05 nan nan nan nan nan nan nan nan nan nan nan nan nan nan nan nan
-5.650838427463894872e-07 -6.763985244009210636e-07 2.523406879938282029e-06 2.892113984500562724e-06 8.962002441535819259e-07 -1.053737906549171732e-06 7.182947169742472271e-08 4.325257150177387127e-07 3.195577488635436518e-06 9.459409717228828496e-06 1.130949974802111084e-05 1.259579135414799989e-05 7.807979602007869221e-05 2.846246464997131026e-05 3.370259241447214342e-05 4.104125545059360953e-05 2.722377609768281373e-05 2.609644869826521446e-05 4.307628976808104975e-05 -4.526776592248860092e-07 -5.371312559739180306e-06 -1.036441676381115619e-06 5.101899488932536077e-05 1.568154804783402425e-05 -1.620607431240644848e-05 2.007295486860751331e-05 -2.549263243006633008e-05 -5.996800552700089891e-06 -2.682787324165587800e-05 -1.974780433181239246e-05 2.777777970163065774e-05 -2.700952589541022561e-05 -7.834108208299445509e-05 1.867309202180814032e-06 -4.173936700290068662e-06 7.975066234890806135e-07 6.672527104833538318e-05 -8.980907827445508388e-06 -1.658427427822756371e-05 7.397904192413224067e-06 1.272625342768133823e-05 -2.525937795736121584e-05 -3.311223119130697884e-06 -3.848021951679043051e-05 -1.210452869892582525e-05 2.405861163060637011e-05 4.443115804623068644e-05 -1.180304708359646040e-05 -3.528714473260757475e-05 3.053476922241760569e-06 -5.403258255209974006e-05 -2.837433324539571829e-05 -4.687162542849876413e-05 2.110571387596728012e-05 -1.990583052868224846e-05 2.094098927318600279e-05 -1.901472813627508478e-05 -1.555460224582375447e-05 -2.548447113147075222e-05 -4.553733017644197458e-05 -1.166346792709192555e-05 6.969857241821589951e-06 -2.037771406311005121e-05 -1.006505465699016364e-04 -1.389534192192540604e-05 3.642777860709669434e-06 1.594006891730874659e-04 1.730937308719546230e-05 -8.621071104836268567e-06 -6.927494889195191189e-05 -5.882669566631325368e-05 2.115418910699366274e-05 -1.126892064734664079e-04 -3.719859959948409610e-05 -7.789663717551255530e-06 -7.438488619109123766e-05 -2.540120162386743931e-05 5.794177127004111917e-05 -5.477589087770772143e-05 1.224654312757069471e-04 6.342877085341563989e-06 -2.141288838015951853e-06 nan -1.573387941732488145e-04 nan nan nan nan nan nan nan nan nan nan nan nan nan nan nan nan
-3.261971979363455020e-06 1.795753539284001832e-06 -3.082867158232080500e-06 3.616464878065780882e-06 4.255394462914287763e-06 3.528186896575537030e-07 -1.528384157039548891e-06 -1.263583135585340404e-06 -4.851662997230883805e-07 -9.296475789924842458e-07 1.379396220972471039e-05 6.857232606560990004e-06 2.846246464997131026e-05 1.608584193610568367e-04 1.612652180941453724e-04 -3.536174794007589374e-06 4.724986934484460736e-05 6.181950436796900591e-05 7.866711598031653129e-06 2.686123220367622836e-05 -1.746184317460584747e-05 3.444408587154946556e-05 1.104365786835046315e-06 1.940883112249283725e-05 1.470505014478864318e-05 8.330701900546440514e-05 4.009267310042167429e-05 -1.056826522019519423e-05 1.178179050693517807e-04 7.813135125253823287e-05 5.014623460007615036e-06 -3.641115010919672066e-05 4.427335967892412393e-05 5.788252596712977312e-05 -1.920691287266942281e-05 -6.579264924420972745e-05 8.290159715335311725e-05 9.254259440490905121e-05 -9.592335655413986061e-05 -5.600975781972336771e-05 -4.701694480851396890e-05 -4.077002538539814042e-05 -1.669236606471041011e-06 5.124284514277739298e-06 3.254095992710633295e-05 2.646525938448128132e-06 2.951728548037096329e-05 -7.072184631702106106e-06 -7.744756651671764395e-05 2.370808423509615322e-05 6.170097597687147093e-06 2.520955789019776560e-05 -5.617546273596027054e-05 4.252966133836129739e-05 1.185343550371681766e-04 -3.261067430651433358e-05 -8.901140560186221844e-06 -4.900510970416215251e-05 -5.509644668598659575e-05 -1.888095872875497692e-05 -1.769503328997534906e-05 7.667020354502657349e-05 5.060963814777518540e-05 -2.949261319966348560e-05 4.449908014328380962e-05 -1.696142290305302988e-05 3.523618991846630172e-05 -1.276831387219971772e-04 3.509052773299881864e-05 6.407005510044268336e-05 -1.364871681648030187e-05 1.317961484541375428e-04 -7.969248305261781196e-05 -1.817348912688729595e-04 1.747668702105673966e-04 -1.148872925034741190e-04 -2.225586158731345334e-04 5.307452175224479585e-05 -1.801152459535412988e-05 -1.616216404665953696e-06 4.156548370663859342e-04 3.286241206421172982e-04 nan 4.922075754563678181e-04 nan nan nan nan nan nan nan nan nan nan nan nan nan nan nan nan
3.983678458744995195e-06 -4.105580174440347438e-06 -2.822707633654422888e-06 -1.643485525389061001e-06 1.067216677841926887e-07 2.868278246163847296e-06 -4.195407404791924836e-06 -4.259707208611203889e-07 1.174190379817296644e-05 5.008196999297377583e-06 1.936437217579864282e-05 2.849226476242824695e-05 3.370259241447214342e-05 1.612652180941453724e-04 5.661118529052708249e-04 7.770055210539333630e-05 9.136642976822218214e-05 1.184639421905154340e-04 2.035196322573536778e-05 9.394982484772040454e-05 -2.360849054699131443e-06 -1.590175612405998859e-06 -1.187900692236537319e-05 4.693553197721217675e-05 -3.413890823051746323e-05 1.415813396917705265e-05 3.776943346260171956e-04 4.980463356778893697e-05 4.202609465714802063e-04 3.548321486348999815e-04 1.570812312327786887e-04 8.914266717450911853e-06 -3.489949754441642655e-06 1.142686691123965501e-04 -7.000294986199445029e-05 -1.615068587821034084e-04 1.387958555351551592e-04 1.834722622881258781e-04 -1.980344730536623583e-04 -7.777274395425879305e-05 -3.698877280426531597e-05 -2.462864007900098158e-04 5.274134800908663131e-05 -7.583600170793797365e-05 -1.651260167469921641e-05 3.368078806401437098e-05 3.260028771873365753e-05 -7.143841663485163516e-05 -1.079457393334035917e-04 1.676288763023715833e-04 -1.004187198544753649e-05 5.766281686799128169e-06 -6.209925895928819289e-05 -2.584629679106263564e-05 3.392459135119196010e-04 6.096164691678565822e-05 -1.725722165774695683e-04 -1.363399403086734240e-04 -3.742138442350636152e-04 -3.149448552726103552e-06 -1.346830147931760136e-04 3.884718259373958296e-04 1.566562759194814079e-04 6.482094076754956163e-05 3.516703346341867198e-05 -2.025339074001392061e-04 6.394189655556784847e-04 7.455944878267898993e-05 -3.137028574208473072e-05 -2.497875137600142666e-05 3.437744243793205496e-05 8.458770139146626408e-05 1.148256503313920359e-05 -1.872871533084315805e-04 1.159682249786653208e-04 -3.040921404845489765e-05 -4.837902043937520333e-04 1.728351661698720868e-04 5.164060897897734646e-05 -6.059804529731527430e-05 1.221803189810068526e-03 1.114554173673348077e-04 nan 1.896803032305105280e-03 nan nan nan nan nan nan nan nan nan nan nan nan nan nan nan nan
4.369584269776847860e-06 -4.810150740533478027e-06 8.936131031378444469e-06 -6.478978530464491665e-06 -1.296081004192777802e-06 -1.064363439676430058e-05 -4.884518002538963959e-06 2.620963360215204864e-06 2.341435115228537352e-05 -5.282715635970506118e-06 2.010721943300590724e-05 1.158563458318507359e-05 4.104125545059360953e-05 -3.536174794007589374e-06 7.770055210539333630e-05 3.557211211616135432e-04 6.088184251800490165e-05 8.712737516808988041e-05 1.998682416714905229e-05 4.936298095410646358e-05 1.730721905285629710e-05 -7.936221680467346414e-06 4.574416076589527376e-05 1.102714665489774317e-04 -7.127638655616170020e-05 -1.320924681896898660e-04 -1.402028704682080464e-05 1.052420276054627220e-04 1.271244230002038995e-04 9.004488913034772407e-05 -4.923167143206663997e-05 4.200686753646666610e-05 5.176840301734634582e-05 2.920485869590128740e-05 1.031355580654419831e-04 -2.385530964686178207e-05 6.160897774000095221e-05 9.873674428251128497e-05 4.359483452369902892e-05 4.834460675781710246e-05 -7.445329847228796872e-05 -9.034828567857381082e-05 1.358924785205682824e-04 -9.116630882443701198e-05 4.686024853369348498e-05 4.128356262011390656e-05 -4.027864814272230946e-05 -1.188413135251364586e-04 -2.555612669476986957e-06 -8.386140616774388022e-06 -4.853601115211504294e-05 -6.429973618096760204e-05 -2.330003712602700161e-05 -7.109744947561920362e-06 -7.889160192104175112e-06 8.031007169362458357e-05 -4.886245529500062203e-05 -5.395046281657283672e-05 -1.618981764482134900e-04 5.204151061534656839e-06 -2.180902839671418683e-04 -2.962699205294997521e-05 1.165321439798855109e-04 4.673655620109536801e-05 -1.943952824201957753e-04 -5.203075954762322383e-05 1.772687209315637797e-04 1.644328403237995046e-04 1.775658707543277168e-04 5.179648983155937759e-05 8.037566604687400090e-05 3.011108145429660072e-06 -2.060491329064088656e-04 -2.083387986704308666e-04 -2.468840697384428883e-04 -1.502666589207918995e-05 1.120538232330862222e-05 -1.372494290868118039e-04 -1.204222043017513045e-04 -1.783433788411598281e-04 -2.427014883713585506e-04 4.340621142415303717e-05 nan -8.441940612267070964e-05 nan nan nan nan nan nan nan nan nan nan nan nan nan nan nan nan
-1.113365936842270397e-06 7.223244380695490481e-06 -4.321832134391253366e-07 6.084679126029479539e-06 -3.886187823202875333e-07 -1.331820217827282961e-06 2.957701838212437311e-06 -5.381451736472888648e-06 -2.702764956792406226e-06 -2.917710035406895265e-06 1.332796173506693669e-05 1.892402229364300417e-06 2.722377609768281373e-05 4.724986934484460736e-05 9.136642976822218214e-05 6.088184251800490165e-05 3.532273544783859462e-04 5.549594925725411697e-05 7.220002482456298486e-05 4.090710854957364676e-05 5.224052245125271912e-05 6.832108432675181096e-05 -3.248645076547224434e-05 1.752379176880139748e-04 -2.242322775537394628e-05 -1.647574013991290383e-05 7.089673122061977337e-05 -4.018660310447633085e-05 5.069423933401423575e-05 -5.162173785236451345e-05 -9.952520825929326063e-06 -1.372117217677352714e-04 3.639897191781112432e-05 -7.843789508423842569e-05 4.190038221648066940e-05 -2.273666316627910322e-06 -7.773958645241772422e-05 -1.214820025344674547e-05 -2.400385766513217601e-05 2.409896270891196632e-06 1.138301998090926785e-04 8.165666295263929707e-05 -1.935692474513155988e-05 -1.949082983247336820e-05 3.860685451821166593e-05 -4.397773339783785096e-05 -4.191381364926655698e-05 5.628731114752039045e-06 -7.991186232924001162e-05 6.409104387865066556e-05 -7.368857492678471783e-05 8.859403054406916853e-06 -9.189719589225123664e-06 -2.488926890076819718e-05 1.248420172108000679e-04 2.811932176534751002e-05 8.535761504399489311e-06 1.493957048847941447e-04 1.752564944877698606e-05 -7.178457772018638971e-05 1.957600465431322305e-06 -5.749166702588359235e-05 -4.084464886042205451e-05 -2.447799911123697825e-04 -2.073135990469238946e-04 1.990684906698009314e-04 1.586647385521777862e-04 5.270171459882132167e-05 1.219199091994846169e-04 -1.405177385424433167e-04 -1.794609665305810676e-04 1.559878633958035647e-04 -8.658655462091431327e-05 7.535394198461643008e-05 3.770859820785459667e-04 -1.046965141822319773e-04 -2.568944214261602147e-04 1.876199230675688130e-04 6.074476070099999359e-05 6.994383374204932191e-05 -4.946123247886778998e-04 5.522905746075513047e-05 nan -1.021288619310219126e-04 nan nan nan nan nan nan nan nan nan nan nan nan nan nan nan nan
3.665841345984595826e-06 4.923944788659582685e-06 6.579277358826489091e-06 1.957386999575780016e-06 1.204728159623811154e-05 -1.405792520293333571e-06 1.154381271649738652e-05 5.200078832150336343e-06 -7.813120418346586347e-07 -4.405854027007656991e-06 5.186105549324128066e-06 2.878319106809575133e-05 2.609644869826521446e-05 6.181950436796900591e-05 1.184639421905154340e-04 8.712737516808988041e-05 5.549594925725411697e-05 3.493564364703323098e-04 2.658549161049931712e-06 -1.580683689424694421e-05 1.711057152643561080e-05 1.171960457759085026e-04 -5.410228914666585743e-05 1.759083204995652387e-04 1.270675892638540693e-04 2.468170578903834272e-06 -2.700718424043347415e-05 1.512441500383181927e-05 -5.264655564955404807e-05 1.572190692636293375e-04 -1.909500404374037846e-05 4.525521119266179439e-05 -5.955520070746938373e-05 8.418106574653735040e-05 5.233628841642829475e-05 1.246786005695625577e-05 1.553038677882708754e-04 3.182182760990732187e-05 -2.886328705434006012e-05 -1.961858662804458344e-05 1.834260049882954909e-04 -2.296260784223257961e-05 2.469349430037345383e-04 -8.511991637785288519e-06 3.824179946175397451e-05 5.201446038399841444e-05 6.823677748665303462e-06 -1.028275140446568129e-04 -3.575123153863685258e-05 7.951048014525593770e-06 2.955479598290084364e-05 -7.402752354717988075e-05 -7.590077520657191005e-05 5.322943267416175911e-05 -5.776769721969667296e-06 7.405660798527818141e-05 -3.915592535964424392e-05 1.219556169993747557e-05 -3.227829791462266370e-05 2.403524112047630352e-05 -1.947508639857429928e-04 -4.763807642097724656e-05 3.162958335044666790e-05 1.251395637190713098e-04 -7.196788836206077713e-05 9.283204667791346884e-05 -6.366107413817304397e-05 -1.309078689258468692e-04 8.964887694309381795e-05 3.218956544445356668e-04 -2.582121891232641011e-04 3.035080251328108123e-05 -6.598843325453727351e-05 -1.096458035596830351e-05 1.474396044795121290e-05 -7.908270446080621673e-05 -2.679514729046006210e-04 1.344164760528864678e-05 2.148974962922349280e-05 3.241572906293871403e-04 1.172851998040242501e-04 2.195373503380162561e-04 nan 3.207366803741358422e-04 nan nan nan nan nan nan nan nan nan nan nan nan nan nan nan nan
