1.297670928879918195e-05 1.580050551166274689e-06 2.360984912333126451e-06 -3.057528567370104614e-06 8.209069679988449876e-07 4.085574174359224154e-06 8.728552807019878191e-08 1.416710862589396589e-07 6.380758767236578840e-06 -4.463255600033590559e-08 8.905586125736476598e-07 1.656423471465155181e-06 -1.690371918967972031e-06 2.605988787565895722e-06 1.164744225820894423e-06 -1.326932617603087460e-06 3.588654524526581156e-06 -7.892684938746953507e-06 5.833320697389533008e-07 -2.996741616478049108e-06 8.566426374176785101e-06 -1.123100635457208234e-05 -5.446134567435629859e-06 -7.612540858386348821e-06 -8.608196906865002343e-06 1.803378109542821725e-05 -7.657243107512453156e-06 2.603743986581464667e-06 1.853394508707517405e-06 4.591795906939584844e-05 1.157652782456293573e-05 -3.931335440956920495e-05 -1.100846792048002397e-05 1.058366689735951178e-05 -1.470463134187171281e-05 8.519509275418854613e-06 -2.327360630106555201e-05 1.957601073404525828e-05 1.099801351750970991e-05 -1.393662719220685991e-05 -3.349879276849494444e-05 -1.570352540902078008e-05 -3.294815264310383879e-06 5.027522988211847701e-06 1.045647892211398877e-05 1.904715052088863626e-05 1.887546443524764682e-05 8.212677966912836460e-06 4.961658827176933438e-06 -1.534256027334544509e-05 6.008839639026048671e-08 -1.030165719955518800e-05 1.075644118352730431e-05 -1.295023619251423847e-06 -1.614818907394653422e-05 3.221643058377324459e-05 2.479101466351053877e-05 -1.929503244549256213e-05 -3.466251103675502862e-05 -3.942365687842062011e-06 2.631448268434894759e-06 -7.508603719964775981e-05 1.673472428624261761e-05 -2.103506355978143876e-05 3.467956614539222907e-05 4.814892267694248806e-06 -1.037793302804191304e-05 2.031173350990888516e-05 2.415590841817036975e-05 -3.493502629623435176e-05 -1.027438357814683378e-05 1.556930905895210123e-06 -4.307892300646627129e-05 -5.386704129270004110e-06 -1.080674952384633540e-05 2.224494212908907745e-05 1.050986420062572071e-05 3.425073899145204224e-06 -1.022588036530304716e-04 2.706310034032905799e-05 -3.283756963683047620e-04 -1.180870283443442018e-04 nan -5.048925669255579211e-05 nan nan nan nan nan nan nan nan nan nan nan nan nan nan nan nan
1.580050551166274689e-06 1.770107952008227660e-05 2.179036056264458241e-06 3.253585501150053890e-06 2.756339195760010227e-06 -6.725619977092930073e-06 5.912970701200891111e-06 1.906714657391138015e-06 3.501630665062413013e-06 -7.647256947018430832e-06 8.125049616481206528e-07 1.961785257174231494e-06 -1.220221740942950180e-06 2.408191857442180930e-06 -4.543219871147624875e-06 -2.600245191117304990e-06 1.020679989111187439e-06 -5.365930975919091705e-06 -5.585445956178716512e-06 -3.917974373684067737e-06 -2.616368054295684806e-06 1.408076766217216637e-06 -7.054278159761071412e-06 -3.143217102331849748e-07 7.454553444060770224e-06 -1.652966297418452025e-05 -1.211445144114383397e-05 2.125283324273147831e-05 -7.360789514829290758e-06 2.037004878792791088e-05 -8.749318627163831571e-06 -7.137371129277949877e-06 2.068251849913947335e-05 5.914142774933458467e-06 1.035011797349744730e-05 -2.049350541854465778e-05 -1.593835941743987713e-05 1.141448510425497249e-06 -2.824041758540445443e-05 1.230220937208147720e-05 -3.515468186034330302e-05 2.856331369265313936e-05 -1.560374654079722492e-05 -3.707478663743176831e-06 -1.588903618656896645e-06 -5.183891798747321007e-07 -2.099437257438434114e-05 2.203516231053504978e-05 2.354233200306241790e-05 1.077482464371336043e-06 1.403825298159724921e-05 -1.846257563465498726e-05 9.735697854271610290e-05 -5.871399279011780374e-06 -2.371714653671550116e-05 -7.294964357279315698e-06 1.791717548017721131e-05 8.938813869441976804e-06 -3.019645477462603624e-06 -1.822914286755605029e-05 2.008887503336726545e-05 -1.110527797492624762e-05 -1.021256313676841469e-06 8.739294593394324851e-06 -1.686059794324577745e-05 -1.757397025616075362e-05 -1.142023614490721313e-05 -2.188328020253017163e-05 -2.604087165236208294e-05 -2.878891042715289597e-04 -1.084226248868907805e-05 4.989876907618102442e-05 -1.036284136396998690e-05 1.843019140981518771e-05 9.751537468065007034e-08 2.933414867504290278e-05 -2.530001509394573984e-06 2.628934036630041306e-05 -2.349332930154431894e-05 4.189608468156118818e-05 1.954240663506261088e-05 4.454789967790523299e-05 nan -2.126240629137697029e-05 nan nan nan nan nan nan nan nan nan nan nan nan nan nan nan nan
2.360984912333126451e-06 2.179036056264458241e-06 2.397320924517932857e-05 4.086111613189141849e-06 1.757368536264466188e-07 -6.011796311221949358e-06 2.021066548543077422e-05 -5.659861753323139971e-06 -4.163139686481563821e-06 -4.970497063456641529e-06 -5.007338741616484273e-06 -2.577979727948748868e-06 2.899388831975878906e-06 -3.031856661966492071e-06 8.749786082320024059e-06 -3.089866434900791430e-06 -1.010802015858055479e-05 3.706148668151815319e-06 -1.146166738401102344e-05 8.532947975534879852e-07 9.473372494733158864e-06 1.895002940097531330e-06 1.595031340677623721e-05 -1.470106084038769025e-07 2.314177047908819163e-05 1.967835367319187425e-07 -1.553178048432213386e-06 -5.461141434831210648e-06 -1.952287870669832651e-05 -1.008648360196025841e-05 2.382391580157611445e-06 -3.825364719347848760e-06 -3.465423459693494046e-05 -2.061013941602863573e-05 1.150149377484487003e-05 -6.277531041994366581e-06 1.195450020923281196e-05 7.432985837932557866e-06 1.661755202487171673e-05 -2.054357197505177891e-06 -4.850788709587806789e-06 -1.033046102021315084e-05 -3.267193403752407561e-05 5.555741408330818336e-06 -3.400627528901913917e-06 6.278961291329050935e-06 -2.574587170606700107e-05 -4.845225930163350770e-06 -6.174606763813278052e-06 -2.142912967015729296e-05 -5.181985735148020837e-06 -6.343332132078785065e-06 1.503758106845093256e-05 2.817616145765431681e-05 -5.224564516353785495e-07 -2.361595966559700940e-05 8.564140195247954597e-06 -7.889227501983560594e-06 -5.866639007598627426e-06 -7.677862213832424850e-06 -3.188684844973391095e-05 -1.029734798830105177e-04 1.626346784510400670e-05 -1.322991706807494191e-05 -1.724133098224937957e-05 -2.247560016238849332e-05 -1.771349178978654513e-05 6.590981158211364245e-05 2.854686599215796201e-06 -4.165356591749734170e-05 -2.037581585763779976e-05 3.270256009468167302e-05 -8.920224485169126751e-05 2.927223526947036905e-05 1.509789447586362323e-05 -3.534394060370269738e-05 -1.697618942996091215e-05 -1.693910209777295275e-05 -4.456698664206874518e-05 -2.549722110378166954e-05 -7.019571417757896909e-04 -4.001268229532792503e-05 nan 5.334635876391340066e-05 nan nan nan nan nan nan nan nan nan nan nan nan nan nan nan nan
-3.057528567370104614e-06 3.253585501150053890e-06 4.086111613189141849e-06 3.884122938804384788e-05 2.092966697820116691e-06 5.111891892304393940e-06 3.559338774571019851e-06 -2.188284011090787952e-06 -7.529903420925920321e-06 4.278741775530676972e-06 -1.396001968809900080e-06 -1.764670896942828568e-07 2.388205331837978403e-06 -3.192111020256331289e-06 4.376130851901859393e-06 -3.711849595256956122e-06 -5.491179681818930433e-06 6.990329801384585371e-07 -8.896840515338228514e-06 -2.767821559699993066e-06 1.973974563206400140e-06 4.051433182131955197e-06 -9.582461639273890243e-06 -1.871508050378683842e-06 9.405246519947271721e-06 4.276397352280452576e-06 -2.606441056187325914e-05 9.935202610374999397e-06 -1.184284526524612841e-06 -3.361458130750237869e-05 2.528751662450085385e-06 -1.543020583218546640e-05 5.286990248687379667e-06 -1.830758942518567801e-05 -3.195906959029435278e-05 -9.119097195161638192e-06 2.780983935080722571e-05 1.015181904704619390e-05 -2.018216826660726963e-05 -2.821395853510864937e-05 1.654871441366532927e-05 7.812221530918178776e-05 -4.149038078691636981e-06 -3.790653933442809649e-05 2.208278908658647729e-05 2.007323490474278852e-06 1.652177034335110748e-06 -6.779513326403895920e-07 1.962800009404403605e-06 -2.083454615288590401e-05 8.235381691633135670e-06 -1.500433702819897452e-05 -1.225592063800256180e-05 1.779081760816156763e-05 1.502852764767175324e-05 -5.934546939124396754e-06 1.398240990692440717e-05 -2.959855010588176595e-05 1.444887727196542876e-05 3.107165460888572101e-05 -2.635040233611475534e-05 9.516380047849565954e-05 1.113595081354152168e-05 1.174353901192599552e-05 -4.206555640539923056e-06 2.779209938502184926e-06 -2.613150702700155832e-05 -2.462936328993563107e-05 -1.825283418901790141e-05 6.649256784429305727e-05 5.683375189374878332e-06 4.636225343335571646e-05 5.227465423129683080e-05 -2.090847607544483750e-05 3.588953486709636480e-06 -1.911728548615027718e-05 -5.973566833375756836e-05 -8.300930583865723331e-05 1.611994450139140375e-04 -8.245366884410998188e-07 1.576404516015483272e-04 -7.259472817954059460e-05 nan 3.511549372678370178e-06 nan nan nan nan nan nan nan nan nan nan nan nan nan nan nan nan
8.209069679988449876e-07 2.756339195760010227e-06 1.757368536264466188e-07 2.092966697820116691e-06 3.219767871224800778e-05 1.147986329982697176e-05 5.090634703325386235e-06 1.625716893317933533e-06 1.022437083230534772e-05 4.280744042427724891e-07 -8.506272897305129248e-07 1.166646291369072663e-06 -7.551573652851348126e-06 -2.471589161921526258e-06 -4.697876460147867495e-06 -7.506450185516322137e-07 -1.635908634624026176e-06 7.892739223349404823e-06 -6.038681422566217004e-06 4.085607090767485959e-06 -7.266845673511536338e-06 -1.366013112582174311e-05 6.303956953444533195e-06 1.433992964802008706e-05 -2.368348476008592398e-05 1.112564750383716998e-05 -2.051124600209823975e-05 -3.948346646815738439e-06 -2.104820554800778903e-05 -1.048049101076796842e-04 -3.309241929197250133e-05 -1.923977357760725505e-05 3.940174034383801073e-05 -3.661077110153426549e-05 7.194902030716893583e-05 1.211627624177609059e-05 1.283312865735532702e-05 -1.482479901152556006e-05 3.892636424831476128e-06 8.866752913209855314e-07 -3.533698422631238403e-05 6.523027489316356783e-05 9.253442480129791002e-06 3.622864714117753863e-06 -1.467675371699135302e-05 3.762485624352775589e-06 3.693005811641859263e-05 2.364449687870713387e-05 -5.402876271369794656e-07 2.198810325532411130e-05 -3.012929053168422321e-05 -1.247185448174907901e-06 -2.811500129972877859e-05 -6.586624598420126904e-06 4.891460415840174613e-05 -3.284517090729631227e-05 -5.638335419632573063e-05 -1.805253013424109755e-05 -2.479661116591355685e-05 -3.932570645071114911e-05 -5.013741199519212572e-06 -5.470555148375593840e-05 -9.405253934506357512e-06 2.555684265009161441e-05 -3.254536523912639250e-05 2.276507383260764947e-06 -2.788419464766990602e-05 -2.044293958214434562e-05 -8.363073074116530190e-05 2.949183219135206315e-05 -6.113345366858059633e-06 -5.270407409444481531e-05 -1.003053205981506028e-05 1.415501452889240106e-05 -8.285294388867376641e-06 -8.427059020242248886e-05 -7.283109075933092617e-05 1.636915233177054492e-05 -5.919989856205745693e-05 4.102353447277912803e-05 -6.086901690626189947e-04 6.524654209915292571e-05 nan 2.626558956640592888e-05 nan nan nan nan nan nan nan nan nan nan nan nan nan nan nan nan
4.085574174359224154e-06 -6.725619977092930073e-06 -6.011796311221949358e-06 5.111891892304393940e-06 1.147986329982697176e-05 1.153368030836635837e-04 -1.324078740269783717e-06 5.684649848371745975e-06 6.070401386150606786e-06 -2.326007546389107772e-06 5.199278280341131840e-06 8.790577622355149573e-06 -8.470464566663855343e-06 -4.205308043195704265e-06 -1.807237310193163260e-05 -2.481391875995300238e-05 2.393103555359067312e-06 -7.967434766484567491e-07 3.468608580820383510e-06 5.614734609556522962e-06 2.413826425004834473e-05 -1.204278071824255790e-05 -1.047354183940687356e-05 1.270772549933177070e-06 -1.589019613766203226e-05 -2.243079513201400670e-05 1.188404601006227967e-05 -6.288199246637548369e-06 -6.297539561523319075e-06 -7.920987308278829703e-05 2.068180310339467315e-05 -8.982149983454829260e-06 -2.130578224990539149e-05 2.487619172393220432e-06 -6.476356610889220789e-07 -2.200097757514561555e-05 -3.981608915066936320e-05 -2.784485312772764186e-05 5.033763133372830674e-05 -6.673491999044825853e-05 -2.556768458392298099e-05 -1.441553757497887373e-04 5.487686804033169960e-05 -2.135016943012751786e-05 -1.602418109351342622e-05 -4.946310174725138207e-05 4.171593634289909303e-05 -1.428512472189339448e-05 4.700281563176962816e-06 6.635065935427915623e-05 -1.677429742728946816e-05 4.376242494591666988e-05 -3.743672268666045756e-06 1.713998828853374604e-05 4.685913481712116423e-05 1.489158773446247724e-04 2.213954327549858892e-05 -1.635191757994969801e-05 -1.436744209071319568e-05 -2.233440024611576424e-05 8.297566391648867777e-05 7.691259792588766035e-05 1.396817970072670005e-05 -5.879912573661502575e-05 1.524023913577185833e-05 -8.124664372920729644e-05 3.921823024400534227e-05 -2.072983204293582786e-04 1.901379148374039371e-05 2.999833476762232918e-04 5.560685820840901054e-05 -3.639672851540171322e-04 2.516275879350242145e-04 5.437815156131064136e-05 3.048224284176270405e-05 -6.290726650352200869e-05 4.385089666732178826e-05 -1.234877353469165255e-05 -1.277707354558703628e-04 6.014701755800101794e-05 3.776712756201213404e-04 1.120794080525926736e-04 nan 5.110951595139343403e-05 nan nan nan nan nan nan nan nan nan nan nan nan nan nan nan nan
8.728552807019878191e-08 5.912970701200891111e-06 2.021066548543077422e-05 3.559338774571019851e-06 5.090634703325386235e-06 -1.324078740269783717e-06 2.420142537966399581e-04 -9.211747964035257074e-06 -5.919441533712533665e-06 -3.109881341659972797e-05 4.661927862650161159e-06 -1.342134544869032280e-06 -4.302938389123009667e-06 7.332574718053988062e-06 -9.280626094187590402e-06 1.340599543419800264e-05 -1.430071910374641018e-05 -2.300875971826674807e-05 1.527712524156024559e-05 1.874836673826232799e-05 6.186049123666637101e-06 -1.115436681542668003e-05 8.150509425279412715e-05 5.228752528380964989e-05 3.073789254943665740e-06 4.279815086661547945e-07 -4.239163584241221133e-05 -3.859767307075791801e-05 -6.911766263209312595e-05 -1.719993390709100391e-04 7.537341845976981746e-05 -4.159807298431453227e-05 -2.066889852416753438e-05 -1.190142740350362766e-05 7.305081626801207236e-05 -1.779788897154587738e-04 9.497922422790714959e-06 -4.846102741332719875e-05 1.408752972627500264e-06 -5.866324962152283075e-05 5.658302914608144627e-05 1.639732861028161449e-04 -1.189004758458933722e-04 2.925955393415481831e-06 -3.952915234860079668e-05 5.514621704475526647e-05 -6.558823162730800110e-05 -1.916079268251065406e-05 4.108982107612211063e-05 1.467358542716153783e-05 -1.486592705013844660e-05 3.665550448998685485e-05 -1.252813084979389276e-04 -9.997580995157472647e-05 3.633219256644895580e-05 -6.512523688842419779e-05 1.571445997505293557e-05 1.866948932299544641e-06 -2.489016876728057038e-05 -4.263427591405352559e-05 -4.206854262668172420e-06 -1.612391335903428139e-04 -2.930896469934559542e-05 -6.934169892218428706e-05 2.830038620185323274e-05 -1.140866828034825016e-04 3.700695293880264003e-05 -1.324646400645435192e-04 6.522008959983268263e-05 -9.208282277470964099e-05 -6.699332791947148439e-05 -4.776365348168822603e-05 -3.344218437177480128e-05 3.553532513895517239e-05 -7.163012371865579359e-05 -2.277319894511875195e-04 -4.430780131218728667e-05 1.344372608385742476e-05 9.747985109614543340e-06 -4.855888227300219950e-05 -1.096712545999252225e-03 1.107228585763287137e-04 nan -1.463186922584749266e-04 nan nan nan nan nan nan nan nan nan nan nan nan nan nan nan nan
1.416710862589396589e-07 1.906714657391138015e-06 -5.659861753323139971e-06 -2.188284011090787952e-06 1.625716893317933533e-06 5.684649848371745975e-06 -9.211747964035257074e-06 9.969505143371057572e-05 2.431029489403212912e-05 1.229293636436039119e-05 -3.272990880464368235e-06 -2.353872793261348959e-06 -1.452499337069881080e-05 -4.155266010648104715e-06 -8.450539153428759465e-06 -3.165818232418158461e-06 2.953785792093736600e-06 -2.257427247552848271e-06 2.146380166206694409e-05 5.202685216026558970e-05 8.448922092815478217e-06 -7.284686368795538848e-06 4.298316675103374892e-06 2.092096635585463351e-05 -6.020652400958703157e-06 4.590031303370422755e-05 3.669685232066521982e-05 -3.401510213048765266e-05 1.515131198286724136e-04 4.427983818393495623e-08 -3.578335419634116090e-05 1.348336309693989096e-05 1.126655114389318879e-04 3.473304490254839602e-05 -8.220847290552500474e-06 2.625736680693003077e-05 -6.479203236361633976e-06 1.862924109102881559e-06 -3.948600216617051688e-05 -1.759216773517675148e-05 -8.843080756908508852e-07 -6.208163813871057891e-05 4.315256456487982729e-05 2.994289546306312791e-05 2.052493702143878353e-06 1.297019947807080850e-05 -2.356638534912445742e-05 -1.614110281715671537e-05 1.052250164404089568e-05 2.409157967354713599e-05 -2.489231541653635620e-05 3.161792237204117805e-05 -7.439582240524054040e-06 2.824070533114545636e-05 3.450463673795085178e-05 -2.644928432291576020e-05 -1.759766764143669453e-05 6.875249493931923301e-05 7.415043908660106942e-06 -8.272695902627947206e-05 4.155300306753383012e-05 9.111815634677628212e-05 -1.749275139011535117e-05 -2.719607615950748452e-05 3.215159313576355189e-05 1.314563633257129769e-04 -9.960302258604868781e-05 1.219982657955314515e-04 -2.905636218151904664e-05 2.230357707625240106e-05 3.438382612614751787e-05 -7.490398804735845940e-05 6.036658240453811745e-06 7.605255398680816328e-06 -9.506268375202086912e-05 1.259177439953284195e-04 -2.330962138386038869e-05 2.131250240053334639e-04 -4.713080650445365915e-05 -1.072502375931986060e-04 1.018554239159063721e-03 -8.134433920789863948e-06 nan -3.299993681256406709e-05 nan nan nan nan nan nan nan nan nan nan nan nan nan nan nan nan
6.380758767236578840e-06 3.501630665062413013e-06 -4.163139686481563821e-06 -7.529903420925920321e-06 1.022437083230534772e-05 6.070401386150606786e-06 -5.919441533712533665e-06 2.431029489403212912e-05 1.676884991335927315e-04 3.294338336137500654e-05 -1.069853526757342380e-05 4.162145260695846667e-06 -2.371082271911881161e-06 -9.063734973275077396e-07 -7.198182047344397409e-06 3.375361695629531037e-05 1.865493975615125309e-06 1.053381825843384160e-05 -4.250216631869075880e-07 -6.684466072807745732e-06 1.182637881149534346e-05 -6.941238711946743183e-06 1.012034717215919637e-05 -1.121559541770091804e-07 -3.036510212054038848e-05 5.736827815788815170e-05 2.532289684914186293e-06 -4.994308666551237853e-05 4.583486639952822023e-05 1.697967403991912556e-04 -2.334509755504168167e-06 2.287855560621837177e-05 -1.007368967806979924e-04 4.537236491137500751e-05 3.722999436662864777e-05 6.723529690226922500e-05 -1.518376120819991767e-05 8.159620892207543994e-06 6.556536486706106395e-06 1.589195380271313184e-05 -2.368932460624098006e-06 -8.900882295373362409e-06 3.276780471319415812e-06 -5.375268434585319745e-06 -1.054063929679077870e-05 9.818175997637173776e-05 4.128950449266564400e-05 -4.957892764497687769e-06 6.454750902253885846e-05 -3.643931706518912276e-06 -2.274457210651786846e-05 -2.718405265582289442e-05 5.578457363502005911e-05 7.424878947942468807e-06 -8.336942102413385841e-05 -1.011229427667010899e-04 -1.349048862767834568e-05 -4.556554509157681714e-06 -1.163900498491087567e-04 -2.435304479091551268e-05 -1.263157485476635640e-05 -3.626462168586425041e-05 -1.637636821188258166e-05 -1.715598076817037671e-05 3.808824925089522443e-05 -4.751171066411434102e-05 1.068999834730457256e-04 -4.952599782807815741e-05 8.073830807706876419e-05 -3.253228712899808241e-04 5.490358471615881174e-05 -7.378633939241400856e-05 -1.140131617620150997e-04 -5.455996271021007759e-05 -6.005127604074121395e-05 2.288959547292536455e-04 -1.377789013541926401e-04 -6.122085684133400955e-05 1.883020883411146162e-04 -2.726323084801444044e-05 7.169687038884290807e-05 5.540236822060922540e-05 nan -1.613768871430361305e-05 nan nan nan nan nan nan nan nan nan nan nan nan nan nan nan nan
-4.463255600033590559e-08 -7.647256947018430832e-06 -4.970497063456641529e-06 4.278741775530676972e-06 4.280744042427724891e-07 -2.326007546389107772e-06 -3.109881341659972797e-05 1.229293636436039119e-05 3.294338336137500654e-05 1.246600148121830716e-04 3.795564896628405121e-06 8.921842561886195075e-06 -4.894279920553668052e-06 -1.606729927916204748e-05 2.056559967635304605e-05 1.433666032608291369e-06 -1.159221650179860573e-05 -1.346890355839256960e-05 9.737050240255254476e-06 -3.779911089312320003e-06 1.271255879844340469e-05 7.395980458188444552e-06 -9.880000234033521392e-06 4.281597018664632146e-05 -2.476996374290573740e-05 2.638295804459910674e-05 -2.998132724225815608e-05 -2.814451673008926962e-05 3.827230586039763281e-05 1.811019479249536461e-04 2.981404350519730115e-05 2.121965085488890275e-05 -1.003801529405254830e-05 6.106686618486169835e-05 -9.477367887967047530e-06 8.630243805445759087e-05 8.353667281182167181e-05 3.950695313103884073e-05 1.779870467631450347e-04 2.461891369050533921e-05 9.255751575039627673e-05 4.051253079299124661e-05 1.422242562850931391e-05 3.898285719030177227e-05 1.287698404945498265e-05 1.063873843148546895e-04 -5.179316026667513647e-06 -6.613478482259849839e-05 4.952595684340700872e-05 -1.950183174788062062e-05 -1.797473831109470992e-05 -3.090646161395265968e-06 -1.330293151783573270e-05 -6.425389856066510694e-05 9.041640355223889365e-06 -9.001913261752357749e-05 6.685213545386407060e-05 5.214522301147304738e-05 -4.405858086172754307e-05 7.983006103357185939e-05 -5.957592821105965134e-06 -1.442900524388159264e-05 -9.518474967045712951e-05 1.560691827749925534e-06 -4.119467259788275664e-05 1.761223574460071045e-05 2.007398804301996492e-05 2.983426715939503578e-05 3.152290529541132896e-05 9.165060989780189063e-04 6.573439659919501788e-05 -1.769960192841345216e-05 4.789180983481779608e-06 -2.616332170907827829e-05 2.808957388078542959e-06 1.591520993940197042e-04 9.582453308879101549e-05 -4.832930454022031652e-05 5.639287370459909699e-04 1.412973938826794556e-04 3.091455027814502985e-04 -8.953726623390428701e-05 nan 3.680835802797380172e-05 nan nan nan nan nan nan nan nan nan nan nan nan nan nan nan nan
8.905586125736476598e-07 8.125049616481206528e-07 -5.007338741616484273e-06 -1.396001968809900080e-06 -8.506272897305129248e-07 5.199278280341131840e-06 4.661927862650161159e-06 -3.272990880464368235e-06 -1.069853526757342380e-05 3.795564896628405121e-06 5.897842098575545550e-05 5.988843445982976541e-07 -1.332882257983513556e-06 1.808542411810020836e-05 -8.252557386655302575e-06 -1.389121081608243360e-05 9.302618479089392784e-06 9.736047997004667131e-06 5.406997153724581854e-06 -3.368896781793670845e-06 1.135825507941712768e-05 5.785112239197678777e-05 5.015643652936862325e-07 3.054821219660274420e-06 -1.145958134574604113e-05 -8.145981375259528679e-06 -3.608692153660481055e-05 -4.939240103414667063e-05 -3.470868740979119208e-05 -6.567679030397030962e-05 2.772550124928936224e-06 -7.015742560885180419e-05 -2.117512654263500944e-05 7.208187311717718058e-05 -1.221576116543939289e-05 -3.447074384421229987e-05 -3.777566449843552108e-05 1.129820740928285964e-05 1.471013239661569912e-05 7.016620598708880104e-05 1.060055008496641501e-05 -1.623319944886157266e-05 8.006922836604660171e-06 6.264031574713656652e-06 3.384202700319863129e-06 -9.853783454332928747e-06 -6.718016011879038559e-06 -1.518105877760019746e-07 3.199409475699851806e-05 -3.213561967857808715e-05 4.018108874469708395e-05 -1.864028734779597975e-05 -5.712009119738697190e-05 -6.693164423878748001e-05 4.901364527549452270e-05 -4.465194197060374197e-05 9.719133744029041636e-05 3.169235965098608353e-05 4.153574001484345672e-06 1.155283891459781391e-05 4.687523917139196157e-05 5.825053942386396795e-05 -1.878563588492310023e-05 9.363989476845455971e-07 -1.990879698424659325e-05 -2.109257619918137604e-05 4.370692117703787251e-05 -8.825013943669324744e-05 2.260392940510044493e-06 4.824486208965961541e-05 -8.630723804521518784e-06 1.715820980129679249e-05 1.580983810444555539e-04 1.712478946599235599e-05 5.626451598216077483e-05 -1.638716073037309350e-04 5.228324867829411022e-05 -1.679657394003707463e-04 -3.877906437569105300e-05 -5.962457078296894184e-07 -1.818533505966638377e-04 -1.338589860132412344e-05 nan 1.036751385459995148e-04 nan nan nan nan nan nan nan nan nan nan nan nan nan nan nan nan
1.656423471465155181e-06 1.961785257174231494e-06 -2.577979727948748868e-06 -1.764670896942828568e-07 1.166646291369072663e-06 8.790577622355149573e-06 -1.342134544869032280e-06 -2.353872793261348959e-06 4.162145260695846667e-06 8.921842561886195075e-06 5.988843445982976541e-07 4.906521589241266300e-05 1.070240937113850272e-07 1.133123438474776898e-06 -1.604972065381711352e-07 4.474239558825484435e-06 -2.144354784149497977e-06 9.194385831141133864e-06 -3.359601540436607012e-06 -4.267974935006292471e-06 3.910074570985319070e-08 -1.535564382220474473e-05 -1.190607087652008251e-05 -1.775316725868249822e-06 1.190708259236572961e-05 1.779480692311930553e-05 3.013630895207688440e-05 -1.207545453286717758e-05 4.978084475094150785e-05 1.341278946655154576e-05 3.560075169581905920e-05 -2.526645810333435482e-05 -2.137223229880470858e-05 7.065057938135906111e-05 9.616606337463216885e-06 3.471964383888557612e-07 2.306972019103598751e-05 -1.069074925694666344e-05 -8.051321176089260384e-06 -4.568117535447828475e-05 1.570035884390715318e-05 3.872231869396506378e-05 -1.166952289400151288e-05 1.707266887450148966e-05 -2.905364023701125211e-05 7.159267594418584390e-06 9.342330277316564943e-06 1.199280807435216246e-05 -1.946834391097291206e-05 3.234524952851159860e-05 1.977197168000458959e-05 -2.315664224352862856e-06 6.618487617433776950e-05 -1.810250166397221140e-05 3.808915926398152022e-05 5.863792823578916431e-05 1.034244499153908229e-04 -3.214885630652217495e-05 -2.348718652937741748e-05 6.353337893315318282e-05 -5.695897673843503841e-05 -2.768786055780276661e-05 -1.079481277288699483e-05 5.564292390841906317e-05 -3.752399477271346886e-05 -4.120038617340347313e-06 8.915108486543095402e-05 1.011245952321128828e-04 -2.559185232299527894e-07 7.965176939783475026e-05 -2.530939050912618638e-05 -1.407362020868623291e-04 -4.603268035951946430e-05 -4.555223246593398108e-05 -1.596764850931545742e-06 -8.072107497440361332e-05 2.011802563116410144e-05 -7.699440438552789998e-05 2.552790345680869656e-04 9.908770151989556804e-05 -5.887055740130398137e-04 2.875079393465371154e-05 nan 5.579838120239249251e-06 nan nan nan nan nan nan nan nan nan nan nan nan nan nan nan nan
-1.690371918967972031e-06 -1.220221740942950180e-06 2.899388831975878906e-06 2.388205331837978403e-06 -7.551573652851348126e-06 -8.470464566663855343e-06 -4.302938389123009667e-06 -1.452499337069881080e-05 -2.371082271911881161e-06 -4.894279920553668052e-06 -1.332882257983513556e-06 1.070240937113850272e-07 5.770715279710608508e-05 7.453153766328148460e-06 1.708535662716360805e-05 1.711060775891625640e-05 7.779778424268395849e-07 9.197647939897936429e-06 -2.740259632778630400e-05 -3.201723966389517093e-06 -5.073300216086076470e-06 2.384002389341085564e-05 5.468463559287093220e-06 -1.679828881955341825e-05 4.948093300016727830e-05 2.819595662506317808e-05 6.389249650785558752e-06 -2.282390183288551450e-05 -1.694124953765659974e-05 -1.204406627138800182e-05 1.079070954502029499e-05 -2.368956620842593600e-05 3.292714439835970919e-06 1.296051239394859294e-07 4.045077224973627270e-05 -5.586011367243051500e-05 -2.762174565189684766e-05 3.278405399549952853e-05 -9.912122205367894691e-06 1.594734197017389011e-05 4.847645843247870146e-06 -7.083337367757266739e-05 1.581059944379746423e-06 3.607188970565264015e-06 -3.975566058310818751e-05 -1.765152925488299281e-05 4.430267706208040228e-05 -7.459941621482825329e-06 -2.620895837726132006e-05 -2.600997227646649219e-05 -1.684050685761520993e-05 -2.156235968074939193e-05 1.744492195772396538e-05 3.735347794919890817e-05 2.462569608546948628e-05 1.045070815369932428e-04 5.212501950689559004e-05 1.353750862618665063e-05 -7.811679443741707118e-06 8.681976467930518384e-05 -3.490533117100440275e-05 2.446211964430182798e-05 8.713182042788601798e-05 -5.197753164555414621e-05 -5.937475793942102309e-06 3.241181472134524363e-05 7.146597945613224201e-05 -1.186443813336250208e-04 1.382195498980423566e-04 -8.292170407630439406e-05 -2.285199937412947446e-06 6.305749578795631952e-05 7.618679905143591752e-05 -3.871180389750658260e-05 -1.557030912762039784e-05 5.273191687342418777e-06 6.160519524741590710e-06 -1.133023189392734769e-04 1.923827896014428530e-04 -1.837901239746114136e-05 9.331403931179060328e-06 -2.231384149805483279e-05 nan -2.576465526880908496e-05 nan nan nan nan nan nan nan nan nan nan nan nan nan nan nan nan
2.605988787565895722e-06 2.408191857442180930e-06 -3.031856661966492071e-06 -3.192111020256331289e-06 -2.471589161921526258e-06 -4.205308043195704265e-06 7.332574718053988062e-06 -4.155266010648104715e-06 -9.063734973275077396e-07 -1.606729927916204748e-05 1.808542411810020836e-05 1.133123438474776898e-06 7.453153766328148460e-06 1.158287455486230985e-04 -1.507553979749278361e-05 -1.024917720080598440e-05 1.618944435572308198e-05 -6.269580776861710981e-06 -4.236348959732229313e-05 -1.618491117288133621e-06 4.026207737415256310e-06 1.561874266624117954e-05 4.070770535123977252e-06 8.402558079728780267e-06 -1.275943348086566140e-05 -2.540531993950785819e-05 -3.935755870021433704e-05 3.544668961624503078e-06 -5.287795506547543115e-05 -5.468226602375568637e-05 -1.206894596159459792e-04 3.063573489309881557e-05 3.027129435433457275e-05 -2.975222198611695689e-05 1.339377477940845911e-04 -1.425354344940576252e-04 -5.947425050313617881e-05 -5.299634474957958217e-06 -6.209035194087323751e-05 -2.444513759359355945e-05 5.764383697555782056e-05 -4.208498115616176135e-05 -2.398280851231214235e-05 -1.940364920294658261e-05 -2.005559410073254467e-05 7.579174428942006038e-05 8.475506542757824932e-06 -9.752457158052296694e-06 3.316085939406139495e-05 -6.149173052202485518e-05 2.764403101180528427e-05 -1.633286273155956135e-05 -2.975043968192787807e-05 3.704268450676231585e-05 3.947206955511339572e-05 1.138103928147648700e-05 9.465523290300548295e-05 4.310906042873221205e-05 1.913552643238078637e-05 3.007397707244561749e-05 7.443002472193713432e-05 -7.627018242359599081e-05 -2.051614797568928326e-05 2.591493529853186023e-05 -7.440709512674592667e-06 -3.213410960072153193e-05 -2.398523330858257533e-05 -9.875521574114093403e-05 1.106702787227354969e-05 -9.353406972030852220e-05 -5.821986054753261925e-05 4.402936126012110314e-05 4.970203031091347375e-06 1.616455284781557832e-06 -7.097134942057157386e-05 -1.244538575253424650e-04 -5.537708780229803364e-05 -9.660428927281529486e-05 1.069643399966646802e-04 -7.840641776647335988e-05 -8.035731688915409695e-04 1.421095227463724383e-04 nan -1.036777616160945221e-04 nan nan nan nan nan nan nan nan nan nan nan nan nan nan nan nan
1.164744225820894423e-06 -4.543219871147624875e-06 8.749786082320024059e-06 4.376130851901859393e-06 -4.697876460147867495e-06 -1.807237310193163260e-05 -9.280626094187590402e-06 -8.450539153428759465e-06 -7.198182047344397409e-06 2.056559967635304605e-05 -8.252557386655302575e-06 -1.604972065381711352e-07 1.708535662716360805e-05 -1.507553979749278361e-05 1.492416580723720024e-04 5.219954137780759360e-05 1.287010061501669844e-05 3.484014378254046479e-05 1.261369244612102063e-05 2.000895438614304407e-05 -2.059591532117527104e-05 -3.720205398958228329e-06 -3.534267425314417698e-05 -1.428992710035139566e-05 3.249238624279517318e-05 5.487339997918144345e-05 3.867825596774530889e-05 -3.518440360561920908e-05 -8.613478058196822945e-05 1.074619769212672499e-04 1.015042638959765458e-04 1.159759889757257625e-04 -6.990405501064762155e-05 -2.824572513118578422e-05 2.941964466491891445e-05 -1.470274324769630188e-06 -7.516986385642572153e-05 4.509607417383964037e-05 9.173577400750927810e-05 6.515858695714588013e-05 1.267025614282344087e-04 4.940295655626096393e-05 -9.418042912009397084e-06 -3.186651724848548758e-05 -3.382525746564516691e-05 2.445929517851483070e-05 -1.929316229884106012e-05 -8.056980160634188612e-05 -2.715138291767057307e-07 -8.135462396294685641e-05 1.697806841678445406e-05 -6.867422018018121642e-05 9.427219388753450792e-06 4.301405366345987760e-06 -8.030784371523618740e-05 1.505298184150640937e-04 -5.766541375046061428e-05 -3.108283809954157442e-05 1.448145643341200361e-05 9.408803059743334391e-05 -5.960288053227965466e-05 -4.020744945092817217e-05 -6.418270208623492350e-05 4.497976057584152201e-05 -4.879325671321507610e-05 4.160276432717044241e-05 4.482273077736135912e-05 2.321135357775537029e-05 2.302879060251160966e-04 -7.019858711056306847e-05 2.684247535984876867e-05 6.312259654766144430e-05 2.198625857355926004e-04 -2.050098646021419175e-04 5.659422687691047471e-05 1.275013295184446295e-05 -7.769221174290249588e-05 6.117284931349507837e-05 4.494311385236983989e-04 -2.217529775749245478e-04 -1.402694714545117910e-04 -7.701439178734017848e-05 nan 1.709119821701831190e-04 nan nan nan nan nan nan nan nan nan nan nan nan nan nan nan nan
-1.326932617603087460e-06 -2.600245191117304990e-06 -3.089866434900791430e-06 -3.711849595256956122e-06 -7.506450185516322137e-07 -2.481391875995300238e-05 1.340599543419800264e-05 -3.165818232418158461e-06 3.375361695629531037e-05 1.433666032608291369e-06 -1.389121081608243360e-05 4.474239558825484435e-06 1.711060775891625640e-05 -1.024917720080598440e-05 5.219954137780759360e-05 2.385974996105171074e-04 6.357236124138244303e-06 4.937197117291525228e-05 3.800926881794207629e-05 4.259032440822629916e-05 1.905596967289856247e-05 1.057773736363504058e-05 -3.566676521342975777e-05 -3.640181331920600932e-05 4.983737641470883456e-05 1.376427215612798503e-04 6.118300142374888550e-06 1.757942635722672064e-05 1.127238918859495054e-04 1.423960243455896820e-04 2.961080962697842500e-05 7.706906823578041940e-05 6.310390020673642313e-06 -3.283312581144471991e-05 -2.655810815762688965e-05 3.575503093656561839e-05 3.092804915492829599e-05 -1.610950519045522184e-05 1.287048076956424239e-05 6.122609619019030690e-05 9.417942067100201428e-05 1.506446064859609155e-04 -7.773477494747621009e-06 -4.278110184417241414e-05 -2.231125591302945960e-05 5.104422055530516064e-05 -3.057492144221947108e-05 6.087338687194504581e-06 5.813363633228138972e-05 -8.117211965313538295e-05 -3.708489644648588993e-05 -2.009793053682495007e-05 2.820533896753503215e-05 2.027491411921161378e-04 -7.175645264755000529e-06 5.956149590461944630e-05 -5.368023764314518067e-05 -8.420167766196448242e-05 6.709398918242338004e-05 3.431595653144608539e-06 -3.786932087060613996e-05 -1.424514714355517924e-04 -5.723457298988909170e-05 1.803382313632039794e-05 2.994114321406686710e-05 5.477349966091136596e-05 2.595194893554511804e-05 9.104332365903414638e-06 4.007228091860718299e-04 -1.276963966663848297e-04 -3.106282007896301835e-05 4.576180690835403563e-05 3.454047288445426229e-05 -1.982354661580585807e-04 -8.749149987513011911e-05 1.032118726204889850e-06 1.155827616207414011e-04 1.463784990246988016e-04 1.546119036178354516e-04 -1.474463520395158898e-04 1.171401110544958978e-05 6.179057054366125540e-05 nan 1.875801749660715211e-05 nan nan nan nan nan nan nan nan nan nan nan nan nan nan nan nan
3.588654524526581156e-06 1.020679989111187439e-06 -1.010802015858055479e-05 -5.491179681818930433e-06 -1.635908634624026176e-06 2.393103555359067312e-06 -1.430071910374641018e-05 2.953785792093736600e-06 1.865493975615125309e-06 -1.159221650179860573e-05 9.302618479089392784e-06 -2.144354784149497977e-06 7.779778424268395849e-07 1.618944435572308198e-05 1.287010061501669844e-05 6.357236124138244303e-06 2.604368200569338833e-04 5.601825216544125792e-06 -3.853176609527734532e-05 2.941288357546738207e-05 1.383970312096616995e-05 -1.188069744093595325e-05 -9.092947280763662577e-05 -5.622624166482498553e-05 -1.993649747809616958e-05 5.470854538459849744e-05 1.158790313343495502e-04 1.161679716814783625e-04 2.516279155646552676e-04 -5.942164589482483330e-05 -6.200777108047658692e-05 -2.661145187737821959e-07 1.169258997158845545e-04 4.066503282254724610e-06 -5.878907916831052899e-06 -1.169519148755032755e-04 -4.586789824849940518e-05 4.859028208827923613e-05 -5.740121718510664506e-05 -9.621520100885016212e-06 -1.228513338669643957e-04 -4.976705269790605650e-05 1.025115127700332567e-04 1.868759661014046073e-05 8.509863219702581266e-05 2.652807753022184023e-05 7.344991789575600635e-05 6.542905402796631833e-05 -6.431818863889519769e-05 -9.548851907322067649e-05 -4.324456084984328047e-05 4.175293225085154378e-05 -2.303365775266494062e-05 5.484182372781184383e-05 -1.920288706076803744e-05 3.573669777400969682e-04 8.433069887121167555e-05 1.259229520512588382e-04 -1.474886973941121159e-05 4.889490838744321092e-05 3.002170670670462006e-05 4.664466356969471214e-05 -3.240731967142687880e-05 -7.110236183847845872e-06 -5.954890634527521166e-05 1.192129468263793321e-06 2.259258430819410411e-04 -1.355992186712427349e-04 -8.024663774895584895e-05 -4.769235173584587275e-04 4.960038625154185174e-05 -3.031786498434049275e-05 1.594523564307060532e-04 -5.481064136405572855e-05 -1.891707999659708323e-05 -3.095909803346706216e-06 8.818409614826070732e-05 -1.160504108935720173e-04 -3.938975622192610824e-05 -1.565090749512736170e-05 4.767812407831470705e-04 -9.112695209112998322e-05 nan -2.115101292405690517e-04 nan nan nan nan nan nan nan nan nan nan nan nan nan nan nan nan
-7.892684938746953507e-06 -5.365930975919091705e-06 3.706148668151815319e-06 6.990329801384585371e-07 7.892739223349404823e-06 -7.967434766484567491e-07 -2.300875971826674807e-05 -2.257427247552848271e-06 1.053381825843384160e-05 -1.346890355839256960e-05 9.736047997004667131e-06 9.194385831141133864e-06 9.197647939897936429e-06 -6.269580776861710981e-06 3.484014378254046479e-05 4.937197117291525228e-05 5.601825216544125792e-06 3.280835870264289409e-04 -4.701425891390644907e-05 3.941099454148217233e-05 -3.399120692463829274e-05 1.044453966789500436e-04 -1.636142992349832233e-04 -3.852473024852643546e-05 6.092142297065439321e-06 -4.169205454832795171e-05 6.691011138816531476e-05 1.023896582292554997e-05 -9.454237760365055416e-05 -7.209072854476902392e-05 3.798615419410467407e-05 2.586280103452986241e-05 -7.030303987786866091e-05 5.018905656527157419e-05 -1.218802526896922418e-04 6.822556954527580437e-06 -1.727312131536434413e-04 1.749836154141605176e-05 8.006618662713041847e-05 1.939317538879953490e-04 1.229720640615446442e-04 1.285166472441640680e-04 -6.914181288448344729e-05 -3.354333779669925686e-05 -1.132435403705047848e-05 -6.657869109189681564e-05 -5.389592078842751841e-05 -2.569748188484429529e-05 9.883989893293075321e-07 -3.983824878725273521e-05 2.552373799382407683e-06 -4.200538879338069779e-05 -2.332851236310955819e-05 -9.505803639267527429e-05 -1.740722734325770866e-05 -2.317127310277846861e-04 -1.070039357473667236e-04 2.562022392780634319e-05 -4.832824328886317183e-05 -1.430076618714020746e-05 -2.682691374273072415e-05 -3.464307960709102704e-05 2.513909531573206734e-05 1.302985310764088610e-04 1.026207790044044639e-05 -4.412801317779913138e-06 -2.118602321132417616e-05 -1.054269164853064588e-04 3.392889996835948374e-04 3.052616928480061031e-04 2.248349512674525884e-05 -2.678017877416441245e-04 2.548698968953906001e-04 -1.909272492540789890e-04 1.226747364488888490e-04 -1.144594398781102377e-04 -1.473786172765863831e-04 -5.833668194609074471e-06 -3.088186396833735828e-04 -4.273603479765976246e-04 -5.256306865302393626e-04 -1.870057273357747003e-05 nan 1.839347788984898593e-04 nan nan nan nan nan nan nan nan nan nan nan nan nan nan nan nan
