4.738217535555288104e-06 6.499431850370653889e-07 3.060602184615601792e-06 2.485808337560550151e-07 5.441065073609093185e-08 8.049389350548375563e-07 1.529970157070568401e-07 -2.415240844232403935e-07 1.471348654161072094e-06 -1.943397342421428741e-06 -1.422324960255565973e-06 -7.983390302884489860e-07 -4.063999702418828410e-07 -4.453343712224603443e-07 -1.069715641651391408e-06 1.072068518068710057e-06 1.956230293562056857e-06 -2.398931225586021119e-06 -3.491494575214695600e-06 -1.986347820453165779e-06 1.761260220682799281e-06 3.006230135404218688e-07 -1.465315622237095635e-06 2.303854983901466193e-06 -4.656336205619805072e-06 3.158348153490064443e-06 3.556896947871411644e-06 -3.705741255382812929e-06 5.412899560989293377e-06 -5.124510445559591793e-06 2.254980619076600268e-07 -5.238338887920161140e-06 2.216418884725780147e-06 3.888595254848971238e-06 1.002407107669936036e-05 -3.299653282325651641e-06 -1.126018788408768642e-06 -4.763787624532250331e-07 2.869876790249363875e-07 6.704607040736364132e-06 -8.900802368477363723e-06 2.882765395923082632e-06 -7.984200003683570673e-06 1.567063652374606109e-06 8.811085107107193806e-07 8.326794417031180997e-06 -7.507833813011800946e-06 6.162932320962926783e-06 1.542648642580014609e-06 -4.643424004334437113e-06 2.200219621462068642e-07 -8.168831480466566381e-06 5.989892720222363603e-07 -3.651412372295651642e-06 -6.324185886801023168e-06 2.929010161859697515e-06 2.524116596356517186e-06 -7.791498476543508688e-06 -8.472479920229585517e-06 5.941858841400321225e-06 -2.948987105914421378e-06 -1.532852615176662195e-05 5.547475458822876788e-06 -8.056185793701823200e-06 -5.681109940386111256e-07 -1.024559637411717978e-05 2.807669493539898809e-06 7.310753311879804752e-06 2.587697766574571461e-05 -7.633587082968275805e-05 1.247465604942908899e-06 1.170825684323623837e-06 1.898815122530054523e-06 -5.075476009459739466e-06 1.612428384798928524e-06 -6.203873644728739411e-06 2.374863663594071559e-06 -4.735381015572405137e-07 -3.226500609232245095e-05 1.322638870732912473e-05 -3.777098419805090349e-05 -3.618487691300344508e-05 nan -1.531223627705187389e-05 nan nan nan nan nan nan nan nan nan nan nan nan nan nan nan nan
6.499431850370653889e-07 3.861660405849291201e-06 -4.528301384535631509e-07 3.411935936594662994e-07 9.479675882999239075e-07 -6.808803553157791869e-07 9.220520412203551117e-07 1.906526590289832577e-07 7.420500319239312146e-07 5.354925995168378032e-08 1.038389883265488629e-06 3.281240241456108283e-07 8.773783334223126548e-08 7.085103339726625345e-09 -8.251047762084763386e-08 1.180097350324509183e-06 -5.673200112544100654e-07 -1.697998667033942324e-06 -4.601943768988134333e-07 1.257543133630007124e-06 1.221128794222179173e-06 6.616069484861929409e-07 -2.280305198163346929e-06 2.212360829887763250e-06 1.099333641087130002e-06 3.896080456745047742e-06 -1.964345205715664444e-06 3.004285763514547951e-07 5.129055897325771568e-06 -3.336349372270605943e-06 6.783636293382500373e-07 -2.158234142015677217e-06 9.944213925979935827e-06 6.303708454031141015e-06 -1.151851874388637152e-05 -3.617214374114095034e-06 -1.598877094939666774e-06 1.191490417270454670e-06 -4.482731193582461623e-06 -2.897967660622761530e-06 -4.706621529979221361e-06 -1.706601109862271065e-06 -2.812354804132901498e-06 -1.893274870039577028e-06 1.181791848332715312e-06 3.812899660460332325e-06 -5.170223608934757763e-06 1.954880749135038714e-06 1.015860306295046236e-06 -1.171764856938818646e-06 8.758538628656640504e-07 -5.685586458926436398e-06 6.066398406746513423e-06 5.517571547013519209e-07 1.037180500481788517e-06 -7.577762098122353110e-07 2.682197064715719402e-06 -6.362430326141851504e-07 -1.970876332805024519e-06 -6.822198376290063596e-06 8.255979102607127832e-06 2.332124439274219197e-06 -5.580168373406309952e-07 -1.383837682515818810e-05 -8.559303741173870730e-06 5.561557130442967908e-07 -6.272956730788210182e-06 -3.122876414788759606e-06 2.090548181617777453e-06 -2.823061312878349843e-05 2.359150488288679174e-06 1.045712728820873104e-05 -1.609055254130392331e-06 2.478174890577472777e-06 9.520097635639037144e-07 1.903796291824339115e-06 -3.045171178398586105e-06 4.830277742609740995e-06 -1.214095843808689340e-05 9.645682872922752135e-06 3.334395602044029844e-05 -1.223074829245174968e-05 nan -2.513255085156030489e-08 nan nan nan nan nan nan nan nan nan nan nan nan nan nan nan nan
3.060602184615601792e-06 -4.528301384535631509e-07 2.204558704324208795e-05 2.850266382863414429e-06 2.205956778003658971e-07 4.056444987784303021e-07 4.435737102943620812e-06 1.880146430163242179e-06 -3.307168541454104516e-06 -2.199471555205173102e-06 1.393696715691122704e-06 -2.294042271587227348e-07 -7.249506151428569214e-07 -2.363641543057447621e-06 5.312600180013243555e-07 1.674646900215015193e-06 -9.721260356793425263e-07 6.566885196663933064e-06 -3.599659459181427711e-06 -6.675676709008380960e-06 1.281494390975007885e-06 1.029542878240905269e-05 6.197427155895740397e-06 1.035026512422552760e-07 6.386643616198426581e-06 3.799265545477990055e-07 4.016965688936962308e-06 2.842503914609443494e-06 -4.696955796341368085e-06 -3.485307604067446226e-06 -3.596547821242210697e-06 -9.062052896228533979e-06 -6.545462017286774035e-06 5.266258603928779836e-06 6.971363440371093493e-05 -3.288754585925616502e-07 5.518376910117945804e-06 -1.789717958212008660e-06 1.746448010521439121e-05 -4.668841058804018658e-06 -6.659779394562456732e-06 6.795368200036341985e-06 -2.896099803086202463e-06 -4.602137144454547960e-06 1.355194633936013936e-08 1.220418358094916407e-05 2.240710772456419574e-06 -7.610747996270362617e-06 -4.603448706715106099e-07 -2.041032477326862129e-05 -4.870864121372326886e-06 -1.000806772162283779e-05 5.205792044498445571e-06 -1.114894048426353524e-06 -3.074800958898292482e-06 -7.034867507638525786e-06 6.877198160925338690e-06 -1.884711324278416479e-06 -2.283382332223336163e-07 -1.048598148351072012e-05 -9.338728850991976686e-06 -3.763715776686555643e-05 1.519984790625593065e-05 1.008153874623158357e-05 6.305810536951813400e-06 -1.093570902674512990e-06 -5.852242705473298153e-06 1.303236571454367559e-05 -1.915817394485593608e-08 -3.435780777238145765e-05 -1.132255355665861163e-05 -2.161696758396311343e-06 -7.098145108141302465e-06 -2.172493950405034455e-06 1.254691459824745126e-05 1.703383968348376913e-07 6.833417026284499956e-06 3.482804861787383706e-06 -2.362741953483573444e-05 5.541368923544546503e-06 -3.774062495187384869e-05 2.887584475646071973e-05 nan 2.917607436082569726e-05 nan nan nan nan nan nan nan nan nan nan nan nan nan nan nan nan
2.485808337560550151e-07 3.411935936594662994e-07 2.850266382863414429e-06 9.355858083768646145e-06 1.136522582457150045e-06 3.802153146821264372e-06 -2.854577597543670003e-07 2.097374954396540556e-07 -1.167195073322291209e-06 -9.153420086705610650e-08 1.779424721612622357e-06 4.403685176629729383e-07 -5.119749321816812037e-07 -1.191031023240914061e-06 7.713727622099760976e-07 -1.851850828173773827e-06 9.969320059291323449e-07 -3.941981098603490386e-07 5.764889398891231908e-07 -4.121135168643170656e-06 8.942671744860512145e-07 1.198383023391313521e-06 -1.033529252490424828e-06 9.084412841112186018e-07 -3.190680486027972360e-06 1.207193123946707336e-06 1.590400694638186416e-06 3.373081452515452582e-06 -1.071884183098280311e-05 -3.280489360785072193e-06 6.026381552041403196e-07 1.276998307404976100e-06 1.041604849995380712e-05 7.538388896208248832e-07 2.873702085472537185e-06 3.257147197857068292e-06 -6.050924348060255990e-06 1.490900043285176678e-05 -4.421564806300264463e-06 -1.303416634210088475e-05 6.117638766446956314e-06 -1.591356637694237157e-06 -2.046357493331495105e-06 -3.467717029509941470e-06 4.147085245559467184e-06 4.307939609522030514e-06 2.703786222448942338e-06 -2.174360951482105112e-06 5.308074617898684153e-07 -3.276492099922607897e-06 2.203756534378347233e-06 6.084792578444594605e-06 2.174762093195778903e-06 -6.960166718830811049e-06 3.580927891580338639e-06 -2.033586193129130273e-06 -1.545642022643970395e-06 6.190591578567903630e-06 -3.038920753050622642e-07 4.654863532508868127e-06 5.373753782172108163e-06 7.798215373942390125e-06 1.506403106770547112e-05 -7.501916095981533899e-06 1.635893715061904817e-06 -2.018686745587526964e-06 -1.175848487600247623e-06 -2.257692643064030370e-05 -8.508304144725056098e-06 -3.021177880967682659e-05 -1.370480984462784896e-05 -8.602091405280525702e-06 5.357859795250629359e-06 -4.334673389244750284e-06 1.234213023214636257e-05 -9.905464987993917788e-07 3.852259816960573664e-07 1.919210879322461074e-05 1.718563344795862629e-05 -2.903866091940370237e-06 3.412283702959377859e-05 -5.586869321577725580e-05 nan 1.508753487328071661e-05 nan nan nan nan nan nan nan nan nan nan nan nan nan nan nan nan
5.441065073609093185e-08 9.479675882999239075e-07 2.205956778003658971e-07 1.136522582457150045e-06 1.002911906116826801e-05 2.526574012814328840e-06 -8.542221818574171534e-07 1.419041411780083744e-06 1.292919353770845876e-06 5.552690577582258728e-08 8.664804224379131844e-07 2.483910088508189501e-06 -4.399365127892446081e-07 1.261614062496987367e-06 1.485164837157051783e-06 -7.016989463988648287e-07 -1.681433373370300301e-06 6.523621798133892381e-06 3.228082732556678625e-06 -5.862908223935955194e-07 2.647053489271435288e-07 -5.183824031550386826e-07 -6.538182278022959904e-07 3.229467054066294602e-06 -5.916539135075989229e-06 -3.575937854300784181e-06 -4.850436211426339140e-06 -3.929978454562133038e-06 1.824362015175968781e-06 -2.217246953455097685e-05 -1.777649458452415057e-05 -1.455119363902064454e-07 7.439674339100674402e-06 -1.207857019109695122e-05 -7.906267358669280093e-06 4.311395086132712370e-06 -3.855844304807062506e-07 8.265750700685009958e-06 6.694918807749329588e-06 -2.541111098453377701e-06 4.316597286554455904e-06 -4.867011470480653553e-06 1.190861055660226580e-06 4.169763800203134863e-06 -1.790961572279562512e-07 -7.920623515031156294e-06 -8.036887922410382483e-06 -3.831026216031316984e-06 -4.704957838397408805e-06 -4.296662750974562716e-06 1.026505389849099497e-06 2.820474984271897394e-06 -1.243844999876908357e-06 -2.771392637752641422e-06 1.146530888084763283e-05 -7.828968140810023505e-06 -6.678737504623500734e-06 -1.024361710822326123e-05 -8.880729904673238307e-06 8.029386183319173562e-07 2.023033540679985828e-06 7.927404783929076340e-06 -1.248563301588741011e-06 -4.329771521931903912e-06 -3.959774594932640591e-06 7.431271628550813985e-06 9.189677256855194060e-06 -1.005572141307318935e-05 -1.909771397470812822e-05 3.136198875459639360e-05 -8.054429955346800537e-06 -2.278512480605283130e-05 1.595631201854802035e-05 -1.546504983053629370e-06 -9.801704872143424271e-06 -2.752790622032185941e-05 -1.910961944347268703e-06 -1.221338395554528694e-05 -1.957197577795354108e-05 -1.307520831385050214e-06 -1.721674814042139167e-05 2.190709548537095162e-05 nan 3.986801561226259166e-06 nan nan nan nan nan nan nan nan nan nan nan nan nan nan nan nan
8.049389350548375563e-07 -6.808803553157791869e-07 4.056444987784303021e-07 3.802153146821264372e-06 2.526574012814328840e-06 2.483647536351845004e-05 5.706437330867501716e-07 9.118336320676847346e-07 1.587163278981310975e-06 1.464156437585883315e-06 3.365957061413845083e-06 4.628749190667911915e-06 -1.964231733674439390e-06 1.483038084055868714e-06 -2.608759676112950319e-06 -4.642903511555098570e-06 5.278959536367841369e-06 -8.082113269341952330e-07 3.802003105094116708e-06 -7.531171650500514378e-07 8.468833789460235973e-06 -4.137995805163436647e-06 -5.903505306892385500e-06 1.301150915521738690e-06 -2.856467668352394630e-06 -8.213202961651705912e-07 2.423526237647491842e-06 1.283347563594604332e-07 1.290796542530487528e-05 -8.368494109017907254e-06 -6.465909924534882039e-06 1.816563330592468997e-05 -1.312011590069555004e-05 5.265310449275125100e-06 -1.269734877247444249e-06 -2.773772644013122973e-06 -1.021352234914263716e-05 -7.906988618253875959e-06 5.261939625492831327e-06 -1.390069143812769638e-05 4.121301702984964075e-06 -2.553880955749784616e-05 2.021931941105110987e-05 5.444262602913802844e-07 -1.083942421370699256e-05 -1.315987341342550446e-05 9.750922152540741166e-07 4.582975865298326072e-07 -2.725049014021342143e-06 -4.922721269502399244e-06 3.856696285985732721e-06 3.112681525562610795e-06 -2.372447727121873594e-06 -4.521841022562736078e-06 -7.664173044059248554e-06 2.614322427613512571e-05 7.007159602804937321e-06 6.501760261637264922e-07 -1.267222988226588551e-05 5.615285411426302326e-06 -2.200463862458098637e-06 4.514937679339812419e-06 5.006100231022019374e-06 -3.208767420621548696e-05 -3.480577736071195126e-06 -2.109501322795634875e-05 9.055004443653849974e-06 -2.236552631098047826e-05 -1.429706256603143067e-05 5.584479823236951530e-05 7.739217288203455178e-06 -7.785481070041648337e-05 3.376128088379970076e-06 -2.222147519263118056e-06 1.608750820947922345e-05 -1.438065451086848465e-05 1.377758627535298436e-05 -1.448563337344461278e-06 3.752700065302540056e-06 2.315418351315372120e-05 5.178332086071584032e-05 2.643661490407111448e-05 nan -2.215462445065719677e-05 nan nan nan nan nan nan nan nan nan nan nan nan nan nan nan nan
1.529970157070568401e-07 9.220520412203551117e-07 4.435737102943620812e-06 -2.854577597543670003e-07 -8.542221818574171534e-07 5.706437330867501716e-07 2.630993883250801703e-05 3.237680284030138163e-07 -1.640296083654907527e-06 1.718910500505841450e-06 1.901951718450827720e-06 2.963958859426561414e-06 8.127392318278900822e-07 -5.684345434015905799e-07 1.809558498993528582e-06 4.600485346224391133e-06 2.419292197232365948e-06 4.251883602464684310e-06 3.939218070954530771e-06 7.817629226086992238e-06 2.100996318382698238e-06 7.104616875554883701e-06 1.132905799512846427e-05 3.583476558796656469e-06 6.881737693633799121e-06 2.614605129480166246e-06 -4.669934788031740494e-07 -9.910363268100852156e-06 -6.947582571585744215e-06 -2.228598689028947461e-05 2.033037417060506983e-05 3.432561618485123158e-06 -2.495832641940642397e-06 4.317789390513341172e-06 -8.416976535767429801e-06 -1.905625884662769375e-05 -9.391704151542293078e-06 -2.698657707253490379e-06 1.227508487430507372e-05 -8.061270807718134746e-06 -1.504780064816155626e-05 2.721002950941679754e-06 6.286999235853027386e-06 -7.389214898525443293e-06 3.678200349373165543e-06 -9.072939025181483575e-07 -1.138194820788569184e-05 -3.059340140917861844e-05 -3.000465071787572439e-06 8.882422228849652318e-08 -1.665117962589202481e-05 -9.313399863355440101e-06 -1.005497351141033201e-05 5.107716682229246484e-07 1.716368880334437165e-06 -2.582827218806492171e-06 6.142122630404401649e-06 -1.270289467366623124e-06 5.673985688587951168e-07 -1.219018098023621104e-05 -9.090949499722451079e-06 8.655662921740729941e-06 1.470195971620606236e-06 -7.598974638443627696e-06 9.701360015124541259e-06 -1.659617981048331430e-05 -1.885812609596897459e-05 2.113266064185451815e-06 1.009839227074796214e-05 1.689799081317450516e-05 5.601043227438373040e-06 -2.687623540446916685e-05 7.984725554500208025e-07 -1.580631845175228711e-05 2.044074829762463681e-05 -2.897649124734011380e-05 -1.802737705243817666e-05 -6.300896224144879859e-06 -1.024408829614559289e-05 1.352272497055775667e-05 -6.459603714575630885e-05 2.986757307669113683e-05 nan -1.164249797475406640e-05 nan nan nan nan nan nan nan nan nan nan nan nan nan nan nan nan
-2.415240844232403935e-07 1.906526590289832577e-07 1.880146430163242179e-06 2.097374954396540556e-07 1.419041411780083744e-06 9.118336320676847346e-07 3.237680284030138163e-07 1.648836203197791181e-05 2.222527269244741306e-06 1.573280433328746509e-06 1.532423781965686710e-06 6.837613848903257747e-07 -1.444870747132658280e-06 3.627727136540787954e-06 3.919098260313588884e-06 2.952368576178988473e-06 6.240649668556102734e-06 5.930691819194244028e-06 3.765077976766477473e-06 5.292345839850324596e-06 -2.126799052313653827e-06 8.877265138743672978e-06 -2.642554551835725375e-06 4.607096300213077100e-06 -2.046326497907374389e-06 2.250292087512198351e-06 5.439669350150328630e-06 -7.873905824139125229e-06 6.587692173476816794e-06 -4.547767753656788626e-06 -9.902243172612784443e-06 -5.287444109216181655e-06 1.842857991515762281e-05 5.858335844025611198e-06 6.938394494352466573e-06 2.179364084540913116e-05 -3.303670106048076428e-07 -5.089922450349779588e-07 9.410390272057578766e-06 2.655630996507169266e-06 6.232767579965295778e-06 -2.188677934391691947e-05 4.818830187348928289e-06 1.164044812726290818e-05 -7.401725507736383438e-06 2.567871727152227116e-06 3.038378705954267041e-06 -5.167969799455529805e-06 1.791946219761921804e-06 -8.053901679366528028e-07 2.349448536595479191e-06 1.044784560419138285e-05 -1.767666391334576304e-06 1.293890270490883456e-05 1.737478072810067541e-05 -5.518992174686597073e-06 -1.164838021494783469e-05 -5.871670781507666479e-06 1.511877418141335613e-06 3.889556451558635692e-06 -8.206927070214924745e-06 1.258606595536963071e-05 -2.974108077802648004e-06 -3.176871207215637518e-06 -8.331785952296744729e-06 1.740362189585786229e-05 -8.505976415874453795e-07 5.322173589874562643e-06 1.552468382529684934e-05 -3.401541450838074993e-05 -1.160803926909245673e-05 -2.183042696815014572e-05 2.309997483644339432e-06 3.623749616280072837e-06 -2.938122857163096797e-05 -1.940560328725095969e-06 -7.588104048485103074e-06 -2.568450499043221889e-05 -1.139908850585556338e-05 6.802096114553091915e-06 9.019928813051607730e-05 3.764683436168398984e-05 nan 1.476382683531455165e-05 nan nan nan nan nan nan nan nan nan nan nan nan nan nan nan nan
1.471348654161072094e-06 7.420500319239312146e-07 -3.307168541454104516e-06 -1.167195073322291209e-06 1.292919353770845876e-06 1.587163278981310975e-06 -1.640296083654907527e-06 2.222527269244741306e-06 2.802438571748041115e-05 6.529381461019618228e-06 1.261268258291449794e-06 8.902572788620222590e-07 2.119930614626027766e-06 9.690110927866629605e-07 4.476583862938098050e-06 1.094240941089854577e-05 6.454531254263091686e-06 5.314620689860144055e-06 3.422623471901356740e-06 8.450325369564231755e-06 3.781110628844113340e-06 -3.073616006521414352e-06 -6.113125736078821648e-06 9.736423253961371844e-07 -5.908299509650793682e-06 9.670705244543552448e-06 3.481143037002061845e-06 -2.670070859245574253e-06 4.072234986937214657e-07 2.093835349795357138e-06 -3.187278510189479297e-06 -1.407098088543971984e-05 -1.898397626257535594e-05 1.818713396450376339e-05 -1.002817638643022293e-05 1.843437072706989236e-05 -1.941323417796496164e-05 3.902994597727183222e-06 -2.548147459837366802e-05 2.029831934924641618e-05 2.787447671580776029e-05 -3.355827567483776796e-05 -1.289778138913107679e-06 -1.074729978482631247e-05 8.454198388690452728e-07 1.428592294245438690e-05 3.154292957046436666e-06 -1.438917965444638669e-06 9.918394936849823956e-06 1.311143719004128181e-05 -4.332263769122907210e-06 -1.100222241435366217e-05 3.634166724379927594e-06 6.996757179303815753e-06 -3.494284128088745428e-05 -2.216600057398001913e-05 7.514346459477365181e-06 -4.409268100160884782e-06 -1.010322841592351446e-05 9.663211464219550252e-06 -2.512599859889148594e-06 -3.458396657456342648e-06 -1.651304174276158355e-05 1.187848299042346204e-06 -1.384137507792609528e-05 -3.837645624851863382e-06 3.195048355991408608e-05 6.345711928493227433e-06 1.048450677552304931e-04 -1.347704653819767015e-04 -4.456991786576231765e-06 3.209540708485154009e-06 -9.712096011948596197e-06 -3.123415077387915322e-05 -2.531796481243764704e-05 1.303084110813246607e-05 -1.286925239303213957e-06 -2.418745154462257564e-06 2.181845452384059621e-05 -4.451640331902583327e-07 8.442149073411595137e-05 1.211323726916877037e-05 nan 4.626118896222509197e-06 nan nan nan nan nan nan nan nan nan nan nan nan nan nan nan nan
-1.943397342421428741e-06 5.354925995168378032e-08 -2.199471555205173102e-06 -9.153420086705610650e-08 5.552690577582258728e-08 1.464156437585883315e-06 1.718910500505841450e-06 1.573280433328746509e-06 6.529381461019618228e-06 2.525787549675177147e-05 7.157189992370616690e-06 5.315929335984500895e-06 3.030681594905567572e-06 3.102151066622510212e-06 8.685627704429406764e-06 1.427441591940183996e-06 1.956107296097131382e-06 7.377781788697196538e-06 3.630724327476207503e-06 9.625172290219509267e-06 3.121065371854350807e-06 -4.724309847662831720e-06 -6.731787552703345902e-06 9.800222343255228014e-06 9.995271216399583159e-07 -6.753091608543255412e-06 2.156842559507240758e-06 2.892227537691567108e-06 2.122892504443702998e-05 2.852064085181602921e-05 -2.033137255626234118e-06 -3.317988751694960460e-07 1.173764583853347841e-06 2.315228391786328774e-05 -1.453524803927598924e-06 -1.643782760617619213e-05 9.527257047664721357e-07 6.885038757038903403e-06 4.270605527967924524e-06 8.527717886124626902e-06 2.567856712573200349e-05 1.975779854577996750e-05 -1.599437553140134029e-06 -1.111377751792289139e-06 -7.164162038304585098e-06 1.754642560342931109e-05 2.513738099159594470e-05 -1.826899445048771469e-05 1.364353122849204916e-05 1.339983729926649933e-05 -5.715960576664131558e-06 -1.982683366835630547e-05 3.784904019705566704e-08 4.181344546535820878e-06 -1.566680404414140572e-05 -1.291175968416901236e-06 1.311311941413560763e-05 -7.947115553281910871e-06 1.296526317422113131e-05 5.534109649702408681e-06 -1.300812742496502758e-05 6.266934430257841744e-06 -1.847794101855466012e-05 -5.878291955654935875e-06 -2.030100938343070604e-05 -1.129822734743715866e-05 -2.742309707761461172e-05 -2.404114420637628734e-05 4.870823156356587056e-05 1.467018947370708141e-04 -1.601066828507173852e-05 2.456822419702879668e-05 2.509652108126304344e-05 -1.786166708342119025e-05 1.630703324369268183e-05 2.252741838456519572e-05 1.284525955085813806e-05 8.754010230572095803e-06 6.675544052931782490e-05 4.733506795939353118e-05 1.000612330587954032e-05 6.482630772228495581e-05 nan 3.823644870709863542e-05 nan nan nan nan nan nan nan nan nan nan nan nan nan nan nan nan
-1.422324960255565973e-06 1.038389883265488629e-06 1.393696715691122704e-06 1.779424721612622357e-06 8.664804224379131844e-07 3.365957061413845083e-06 1.901951718450827720e-06 1.532423781965686710e-06 1.261268258291449794e-06 7.157189992370616690e-06 2.419423063800508550e-05 7.825325602427878456e-06 2.635153968641923154e-06 5.472367685699422943e-06 7.305688769569583509e-06 1.272278056977558075e-06 3.655287622168613515e-06 5.264212469574366004e-06 7.833241981732384023e-06 1.301191071092241081e-06 7.242159064342987820e-06 1.226224729499184077e-06 -3.524489812680948934e-07 8.804683479963813862e-06 4.775312968352228774e-07 -3.032020219275688593e-06 -1.978963309403485646e-06 -4.352396020531317932e-06 5.549825137745299653e-07 1.182193783561762887e-05 1.435376678197501644e-05 -2.148822546392772817e-05 -5.553911645568067819e-06 1.508623039647835870e-05 -5.300788032301684259e-06 -9.052997585070071226e-06 4.608028111441237018e-06 1.524444444416752784e-05 -5.319083150761068949e-06 2.217941672293691847e-05 1.030882202880789256e-05 3.773194099631654088e-06 -3.076448315379814151e-06 -9.153358024294041227e-06 -6.822261042614916082e-08 -1.212197582945324271e-06 1.763840212370692157e-05 -7.210236445842864676e-06 -4.529272585390478759e-06 -8.922189964083958235e-06 -1.714261890022579436e-06 8.096203048988525277e-06 -2.736537596228856318e-07 -1.683316085940363369e-05 1.523362271537728590e-05 3.542790749898524072e-06 3.125934290129892847e-05 1.268081971307226338e-05 4.077427202508316666e-06 -6.862404386189178206e-06 7.377419502058017199e-06 1.026011360272009768e-05 -1.495249860038951699e-05 -2.282341470727768532e-05 -1.778216118718869152e-05 7.407105018632112715e-06 1.010298952346539027e-05 -6.590336855733451544e-06 9.962101831974958064e-06 4.903857688339854101e-05 -1.499839622473324943e-05 -1.587452833985250034e-05 -1.327818226836071897e-05 -1.204699181573970506e-05 2.204580335813475576e-05 -1.591838619220843683e-05 3.243052275413261734e-05 -8.615000205105600761e-06 2.815136815482025044e-06 1.956335415057549248e-05 2.663370329640711511e-05 -1.472143844077043013e-06 nan 1.814215940023092979e-05 nan nan nan nan nan nan nan nan nan nan nan nan nan nan nan nan
-7.983390302884489860e-07 3.281240241456108283e-07 -2.294042271587227348e-07 4.403685176629729383e-07 2.483910088508189501e-06 4.628749190667911915e-06 2.963958859426561414e-06 6.837613848903257747e-07 8.902572788620222590e-07 5.315929335984500895e-06 7.825325602427878456e-06 2.468534701143937395e-05 1.950131333022051892e-06 4.016872022389395417e-06 6.658927548503611357e-06 4.657326580120873861e-06 8.750851083556246586e-06 1.037381950075107143e-05 6.099359217835638841e-06 1.031963134641149437e-06 8.442704230112236909e-06 -2.377832977310704394e-06 1.657541707231333383e-06 1.108304103999062358e-05 4.028898083301651739e-06 -3.653934725650349293e-06 -2.844114776960852399e-06 -7.366028988558035455e-06 1.712436961288873427e-06 1.078337647657414494e-05 2.015382360027959130e-05 -9.142857458754302113e-06 -7.347508187701537788e-06 1.429979298217173766e-05 -1.572792617041555825e-05 -1.724106338893164619e-05 -1.413051581106135434e-06 1.162531258259433041e-06 6.769689245246962209e-06 -2.118387588121217733e-05 1.310644441401514957e-06 -4.161030635759470822e-06 6.338242751491590298e-06 3.491495678953840138e-06 -1.215168232977278946e-05 -1.031927791235162027e-05 7.896058727439666408e-06 -8.760234911607182553e-06 -4.263288072860139348e-06 6.780744379634760864e-06 -4.735377233963000556e-06 1.340779256572756870e-07 -3.187790339532471167e-06 1.957012416567239967e-06 3.650441521286134057e-06 1.361320275699852288e-05 1.465230614555008103e-05 -1.040657959386352426e-05 -5.820043942585344151e-07 1.622035810595726213e-05 -8.925959528444509661e-06 5.670183505729198095e-06 -2.096854405590714720e-05 -1.861280028082098295e-06 -1.294917717018869906e-05 -4.684871481870064641e-06 1.372823877321444847e-05 -1.056274256193945802e-05 2.450665523419975531e-05 7.575309399186987461e-05 -1.131003810209337656e-05 -8.867207250113311569e-05 2.458368817955823896e-05 -7.035610534486994306e-06 -1.003128722106085859e-05 -3.183392714792934481e-05 5.327954423357619015e-06 3.720431874925103161e-05 1.874446136316380726e-05 2.520541406031237715e-05 -8.917605611088678518e-06 5.381583373086234220e-05 nan 1.474689905883767659e-06 nan nan nan nan nan nan nan nan nan nan nan nan nan nan nan nan
-4.063999702418828410e-07 8.773783334223126548e-08 -7.249506151428569214e-07 -5.119749321816812037e-07 -4.399365127892446081e-07 -1.964231733674439390e-06 8.127392318278900822e-07 -1.444870747132658280e-06 2.119930614626027766e-06 3.030681594905567572e-06 2.635153968641923154e-06 1.950131333022051892e-06 2.046590995085152380e-05 5.543321533474435024e-06 4.652205897931978293e-06 1.295008319761125480e-06 5.234079059092685682e-06 4.813169352513369442e-06 5.564358231603020576e-07 5.157128822130759314e-07 1.149981242537571000e-05 -1.764741669830730400e-06 7.175620858408805652e-06 1.093741429403065165e-05 5.882425333912716214e-06 1.345803022835377655e-05 5.080186121928755561e-06 -5.049312200174571249e-06 -1.253354289747155130e-05 -5.149641555333530946e-06 2.847558128301925107e-05 -2.419276098110278625e-05 -1.620890462428932081e-05 1.125346281437094105e-06 1.010446611229916048e-05 -3.872110143819429630e-06 -1.355608064281027551e-05 3.953531386354018755e-06 -2.107027894110334590e-05 -4.779689769955906965e-06 1.551975609668603573e-05 7.018324676607122237e-06 2.436599921669241710e-06 -8.681810107831201863e-06 -2.881444897575778880e-06 -1.980679258801853567e-07 1.959776989716322597e-05 -7.977418918893797921e-06 -5.695226376935547130e-06 -5.580727438934723299e-06 -1.285121087833697486e-05 -8.716424183213759188e-06 -1.695682707737106637e-05 2.967288379220197901e-05 3.247937500209825667e-06 2.595225085494880769e-05 -2.640649670438433298e-06 -9.708323516111658469e-06 7.725033852999218853e-07 1.298128099023973784e-05 8.589298886079204099e-08 -1.137445435109129629e-07 -3.345960582818378007e-06 1.386460867401997061e-05 -1.861183481092870652e-05 -1.050943597116183651e-05 2.496226433548426289e-05 -3.957312693130096199e-05 5.676015918660222594e-05 -7.846513100988492201e-05 -1.179821641498461778e-05 1.992193382633483667e-05 7.784929535425709319e-06 -1.660804222101665501e-05 -1.631224113578597638e-05 -4.680337082592923430e-07 5.556448828073315313e-06 1.760265390713519813e-05 1.031987952709603968e-04 3.980991339057981637e-05 -5.359457614366119020e-05 -6.031315107646065087e-06 nan -3.931700709300558198e-05 nan nan nan nan nan nan nan nan nan nan nan nan nan nan nan nan
-4.453343712224603443e-07 7.085103339726625345e-09 -2.363641543057447621e-06 -1.191031023240914061e-06 1.261614062496987367e-06 1.483038084055868714e-06 -5.684345434015905799e-07 3.627727136540787954e-06 9.690110927866629605e-07 3.102151066622510212e-06 5.472367685699422943e-06 4.016872022389395417e-06 5.543321533474435024e-06 3.017321873343654245e-05 1.538630365866769733e-05 1.132970735836788540e-06 8.855333124361868604e-06 1.051429013892520634e-06 1.194163814264569853e-06 -3.661390232729106413e-06 1.839396098054777568e-06 2.774476548535465348e-06 -5.336182808693884458e-06 1.488692446380620940e-05 -5.069781206243903931e-06 -1.068411373073593563e-05 7.156751421945736523e-06 -1.196865658126533753e-05 2.343136967049951324e-05 -1.918703011923657201e-06 -1.693300104672233541e-05 3.135951335184104191e-06 -2.347077661371045778e-05 2.188170821272305761e-05 2.804152449604475709e-06 -1.182286356252621719e-05 3.661275293418825550e-07 3.456894291281387344e-06 -5.670770747585391100e-06 8.716911256258265948e-06 -1.208651170687216964e-05 -1.255826954218642131e-05 -9.669855364919385891e-07 -6.325564558695853258e-06 4.567072693741288309e-06 -8.092785851425442063e-06 1.312636196177056344e-05 4.614034103808997712e-06 3.599800317759637377e-06 -6.291837943395620020e-06 1.496192201844294983e-05 8.729758537316890788e-06 -2.034820429360630074e-06 2.386644585729152132e-05 2.245805702942148618e-05 6.793670468812297697e-06 -8.346571099644193263e-06 1.802813664111761440e-05 -4.912617513891704285e-06 2.933821332627057791e-05 7.288968274141475585e-06 1.962669458113947942e-05 -1.400826396457425396e-05 3.980884173729205952e-06 5.095246247179187794e-06 6.185791187838509714e-06 -3.464117286820633118e-05 -5.715116533429128354e-05 3.544538161880313073e-05 2.441909175399998821e-05 -7.890844438845485796e-06 4.368236824810115394e-05 2.146686452315779502e-05 4.493711131888350046e-06 4.184044279643282018e-06 7.174244712921104547e-06 -1.100137206659070588e-05 -3.447322593585107613e-05 7.372613822384144915e-05 1.993681020370079453e-05 -2.346119564070869913e-05 8.302792877368947054e-05 nan 6.011703212950930621e-05 nan nan nan nan nan nan nan nan nan nan nan nan nan nan nan nan
-1.069715641651391408e-06 -8.251047762084763386e-08 5.312600180013243555e-07 7.713727622099760976e-07 1.485164837157051783e-06 -2.608759676112950319e-06 1.809558498993528582e-06 3.919098260313588884e-06 4.476583862938098050e-06 8.685627704429406764e-06 7.305688769569583509e-06 6.658927548503611357e-06 4.652205897931978293e-06 1.538630365866769733e-05 5.560486968900325920e-05 1.778519778523352730e-05 8.706162306822588451e-06 1.333494615166529549e-05 3.098821440438126243e-06 7.208612890246738860e-06 6.668662701568754146e-06 6.472967660488510696e-06 -2.488778358947663099e-05 2.940082885104261629e-05 -1.165675692529620261e-05 -1.161873861096364176e-05 3.168284453792936901e-05 5.227124788354612065e-06 2.109089331807625971e-05 2.529689612547985795e-05 2.952324423745702927e-05 2.217716590185741832e-05 4.023306283776757279e-06 5.530782429530638349e-06 3.706374757817516403e-06 -8.247750857728097635e-06 -1.150368288593567678e-05 1.931268866148962404e-05 5.406533687402327674e-06 -1.269192166136049605e-06 1.030640961111893480e-05 -1.025358982421385200e-05 7.485732896906184719e-07 -6.682600392340148020e-06 -1.529664008553472326e-05 9.815097279474711389e-06 7.889591021136768887e-06 -2.539467555346498962e-05 1.682340404782957529e-05 1.082558315698245281e-05 -7.121740909238883613e-06 -1.738608524876361167e-07 -9.989908206010665172e-06 6.356034989020672029e-07 2.081235669717918551e-05 1.009365864857321213e-05 -5.611526432603568292e-06 4.036558694899829261e-06 -1.967757212830747294e-05 1.755280777212595944e-05 -9.471331704580406328e-07 3.420379902733347875e-05 -5.212723069125671541e-06 2.679124570621745180e-05 -1.570202016843151677e-05 1.664834026406995207e-05 3.461044199940961608e-05 -2.159949898237249836e-05 -1.304853292950069981e-05 -5.001436786671670188e-05 -1.562735137757195115e-05 7.000102585063845812e-07 2.538009520090800307e-05 -3.132241126595789669e-05 -8.127753878275838936e-06 3.739815007321573942e-05 2.041485016935303313e-05 -3.335744685637312466e-05 5.296368634355767894e-05 3.306656177660112886e-06 -3.012394619807265487e-05 8.568620619487820787e-05 nan 4.550093617524439659e-05 nan nan nan nan nan nan nan nan nan nan nan nan nan nan nan nan
1.072068518068710057e-06 1.180097350324509183e-06 1.674646900215015193e-06 -1.851850828173773827e-06 -7.016989463988648287e-07 -4.642903511555098570e-06 4.600485346224391133e-06 2.952368576178988473e-06 1.094240941089854577e-05 1.427441591940183996e-06 1.272278056977558075e-06 4.657326580120873861e-06 1.295008319761125480e-06 1.132970735836788540e-06 1.778519778523352730e-05 6.801222576351364959e-05 4.854357928189410451e-06 8.947596553186070467e-06 1.297229349531262641e-05 1.064355719492721942e-05 6.510155234227144563e-06 2.224031335984417694e-05 2.229402773606986004e-05 -8.947133111265636099e-06 1.457372551756455342e-05 5.467697884167023593e-06 -2.351136055929002797e-05 3.903975779668471344e-06 3.881123195743495409e-05 3.209024063132367028e-05 1.518544258765438115e-05 -4.855628666756953695e-06 2.839520601493101081e-05 -1.945460800291680566e-05 3.780633332701633451e-06 -9.320705817358221034e-06 -2.517618113659984057e-05 -9.016893568823516325e-06 2.067932382380598919e-05 1.637627936108652379e-05 -8.693266272841638934e-06 1.222584780374185156e-05 1.967247594765986852e-05 -9.106396175799347492e-06 -3.721193502315881862e-06 9.097049024363508698e-06 -1.378202897824485373e-05 -2.746775629904186949e-05 3.022840591782035172e-05 9.043413619651085485e-06 -2.841503944508015525e-05 -2.046761752621114135e-05 -8.793166444971277197e-06 1.836017252680299450e-05 1.203094230971172572e-05 1.934743802525237412e-05 6.336450405635168625e-06 -1.551810116313437395e-05 -2.163389781577312667e-06 7.666243598846297238e-06 -8.221511766131408359e-06 -1.007127060903571942e-05 -1.777248730558014016e-05 6.852344913602950954e-05 1.860273883859862133e-05 -1.383699398660592908e-05 3.899245100505556265e-05 1.974543686235583851e-05 1.222327020510358509e-05 -9.456583443932034809e-05 -1.159411483906037632e-05 2.776195916624202422e-05 8.390030763739220082e-06 -4.145113271251372837e-05 -7.022990427654873650e-05 1.668969949501622325e-05 6.472963009400625909e-06 7.899765565374909987e-06 2.302133432725787054e-06 -4.582845597919549155e-05 -4.910186232762527058e-05 3.643215378697057079e-05 nan 2.037349487342991685e-05 nan nan nan nan nan nan nan nan nan nan nan nan nan nan nan nan
1.956230293562056857e-06 -5.673200112544100654e-07 -9.721260356793425263e-07 9.969320059291323449e-07 -1.681433373370300301e-06 5.278959536367841369e-06 2.419292197232365948e-06 6.240649668556102734e-06 6.454531254263091686e-06 1.956107296097131382e-06 3.655287622168613515e-06 8.750851083556246586e-06 5.234079059092685682e-06 8.855333124361868604e-06 8.706162306822588451e-06 4.854357928189410451e-06 7.217434883004411833e-05 6.740451953885343162e-06 9.855300449263915713e-06 7.760210673491733870e-06 1.114155571148937005e-05 -1.321355141610136692e-05 -5.196463401472534099e-06 1.330191839463777948e-05 -2.928848069510035391e-06 2.048750565238306864e-05 1.147522328845838759e-05 -9.302244702629473605e-06 3.899293837295371049e-05 9.172910448267811997e-06 3.064678637608212147e-05 -1.899474399827436387e-06 1.590627266059678130e-05 7.229676263959914037e-06 -2.206708313583350704e-06 -5.373560970459424928e-06 -2.788625666742084469e-05 -7.541335367527799972e-07 -2.816031105556686447e-05 1.645500346085301751e-05 -3.780044082048373042e-05 -8.660365576614089336e-06 1.124862311474305961e-05 2.081019343051645751e-06 8.929437412855068941e-06 1.483858956139618891e-05 1.350270700388385390e-05 2.001172577336394250e-05 -1.472382249090388708e-05 2.427989700125111209e-06 -1.594528410102009444e-05 7.156954339760967521e-06 -4.728213205452232152e-08 1.850612128951218153e-05 7.473085370078991908e-07 5.909296403394309681e-05 2.072095119029970702e-05 2.983562729746705108e-05 -2.405055429325781975e-05 1.003120608049930032e-05 -3.240257631312456842e-05 2.791182223244287913e-05 -2.882947767804565210e-05 -4.196014434790271521e-05 -3.273663101810038841e-05 -7.974131588142827800e-06 2.479782879784113775e-05 -2.032778361070347616e-05 1.316407702635227306e-04 -1.612935712240943001e-04 -2.740171944432403877e-05 -1.947588217640828416e-05 2.886817310785369991e-05 -2.343607802619712709e-05 -4.335288336406125552e-05 -2.288561543100781130e-07 1.064456766492190317e-05 2.180659433321889472e-05 -2.239878826763688879e-05 5.371707145674200004e-05 -2.657719892880994791e-05 3.051322779907611531e-05 nan -1.249456050072429031e-04 nan nan nan nan nan nan nan nan nan nan nan nan nan nan nan nan
-2.398931225586021119e-06 -1.697998667033942324e-06 6.566885196663933064e-06 -3.941981098603490386e-07 6.523621798133892381e-06 -8.082113269341952330e-07 4.251883602464684310e-06 5.930691819194244028e-06 5.314620689860144055e-06 7.377781788697196538e-06 5.264212469574366004e-06 1.037381950075107143e-05 4.813169352513369442e-06 1.051429013892520634e-06 1.333494615166529549e-05 8.947596553186070467e-06 6.740451953885343162e-06 1.051880940229995334e-04 1.519282013962963044e-06 1.199013925736953483e-06 -4.167884660441062112e-06 3.186137022381952267e-05 -6.840035875351580038e-06 1.766163263582232873e-05 1.308545038879423223e-06 1.061920058069116014e-05 -1.976502315806491746e-05 -3.730448693104304722e-05 -4.705726146094366206e-05 8.177962590847091730e-06 -3.733377781982354389e-06 -6.657464581985349563e-06 1.372630167462350785e-05 3.872080478763869336e-05 3.568658966913580260e-05 2.427973000170541381e-06 -4.186973885119852035e-05 7.803034707236960313e-06 1.266865428389599802e-05 2.995330898322016004e-05 1.255171039533972220e-05 5.657779329732243192e-06 6.558773410044486864e-05 -1.050134161233683738e-06 8.449923801950236739e-06 -2.661976995055488886e-05 -3.611929939929453873e-05 -7.183525880135326503e-05 -2.768131047727180290e-05 5.363066467095515633e-06 -2.481483328872565274e-05 -4.338753662098768819e-06 -2.531534298877334297e-05 -3.455717519278369594e-05 -8.278168078549408684e-07 -6.154895950871803133e-05 4.600960232380500569e-07 -1.644477255226687302e-05 -1.463167506763285252e-05 -1.853158139101174210e-05 -2.697736268512292089e-05 -8.088839245003310539e-06 -6.390144827054832788e-06 2.965540229302608059e-05 -9.610891002958726878e-06 3.779491014927680221e-07 -3.264053114011706267e-05 -6.462324656276267356e-05 3.440437406785125000e-05 2.360241409835879111e-04 6.248675444347383734e-06 -9.674725832683567185e-05 6.588564657857697178e-05 -1.861368142051952101e-05 -1.119797189711010009e-05 1.536655978671448499e-05 5.680773485106600951e-06 8.852864537229574197e-05 -8.426674370381156997e-05 3.448802542407798281e-05 -6.108437723809666488e-06 3.182762175731360891e-05 nan 1.617477688950661417e-04 nan nan nan nan nan nan nan nan nan nan nan nan nan nan nan nan
